-1.649520802121985152e+00 5.108458797741659563e-01 -1.512836632587805541e+00 4.087358511966242003e-01
-5.178960668026489911e-01 9.380551413297215368e-02 -6.323406344222387565e-01 7.444040055350498175e-02
nan nan nan nan
-4.285642340373436721e-01 1.175128871514675433e-01 -5.629281440448848928e-01 9.345256126006924735e-02
-2.799377444526173764e-01 1.424932983206589066e-01 -4.475137703274032486e-01 1.127777222942219076e-01
2.096031932701452938e+00 -4.335119734453517282e+00 1.402950655418954806e+00 -3.314715907525407346e+00
-6.016589722663696627e-01 1.850557611632148158e-01 -6.978072682806794047e-01 1.469213798372270841e-01
-3.435724509978689833e-01 8.307862152238515430e-02 -4.971672819692463108e-01 6.616164572968914748e-02
nan nan nan nan
-2.773121306061041569e-01 1.075219373871520306e-01 -4.455068808251546608e-01 8.541279312437535798e-02
-2.528748727090324167e-01 1.517035875534470390e-01 -4.263160493691462993e-01 1.198214559050129885e-01
-2.255192767593018066e-01 1.155070916625862282e-01 -4.049816060543110496e-01 9.082140943177732795e-02
-1.260211271149348222e-01 7.115419418947865893e-02 -3.273205651617295819e-01 5.597665275734407114e-02
-4.337569528859969159e-02 7.318976482144191886e-02 -2.635290957158094582e-01 5.765826438935496567e-02
-5.098004266617429947e-02 9.853570178891329912e-02 -2.690364463948206053e-01 7.799080386606725701e-02
-8.566674538327218258e+00 2.068352127362021875e+01 -6.871955357324244673e+00 1.646675419578403776e+01
5.118696146081224141e-01 -4.901647465570961315e-01 1.689582769164716114e-01 -3.831408991917067408e-01
1.113621413357377965e-01 -2.820221508718202541e-01 -1.427145955907852537e-01 2.215926032924762368e-01
-1.236968934343176008e+00 4.540795677501389682e-01 -1.191385407586169398e+00 3.633448300928184271e-01
1.818202658152237694e+00 -1.014667898470607010e+00 1.185161051533313081e+00 -7.788833646456587712e-01
-2.141016469662262722e-01 7.763898208910348375e-02 -3.959404830807784492e-01 6.095457706958234967e-02
-5.541176674833214744e-01 3.653638840958381984e-01 -6.604372847425198367e-01 2.899313874115808098e-01
-2.129120474211356751e+00 1.237060781847949764e+00 -1.884888809604252646e+00 9.958575124958433111e-01
8.080054884852765795e+00 -9.010619749748034479e+00 6.059994723168805386e+00 -6.843033738221588891e+00
-3.956480202990142470e-01 1.912379187935588087e-01 -5.372084404182133621e-01 1.517204592522383988e-01
-6.572381654659757988e-01 2.831754791944211536e-01 -7.405119100232468998e-01 2.254017834743921034e-01
-8.580950052064679756e-01 2.920206121663359577e-01 -8.966797302126986446e-01 2.328401628270178325e-01
-1.069167827082284861e+00 1.220389719903121284e+00 -1.061096872819343950e+00 9.744353264201999210e-01
-1.382657544141842054e+00 9.107153197793924626e-01 -1.304511878536842806e+00 7.297625206134669140e-01
-5.062738425123138875e-01 6.024331682502115370e-01 -6.230533241379558884e-01 4.787126778048355069e-01
-9.852227651659233032e-02 1.628640548596388404e-01 -3.066622349124462632e-01 1.283985321089831655e-01
-1.959264362131485138e+00 1.465026393462092180e+00 -1.753144430006573495e+00 1.181167163617473204e+00
-4.906679480722937470e-01 2.383555978125084240e-01 -6.110573190587270664e-01 1.889973073629253597e-01
5.001378167675545050e-02 -1.325571244134668425e-01 -1.904972818644735666e-01 1.039754366170134170e-01
1.001435030829658679e+00 -5.933975717455204357e-01 5.496935458206703151e-01 -4.609670302729048097e-01
6.512470886128419956e+00 -7.071001955644887538e+00 4.840918307559670453e+00 -5.360480875353529129e+00
-2.010186482442706812e-01 8.071445972847487993e-02 -3.860838325417670358e-01 6.372774282445348160e-02
-4.412029548242489552e-02 8.141529996131605107e-02 -2.639980793372148082e-01 6.392204409322320424e-02
-1.069496110818348028e-01 8.798517210527072308e-02 -3.133043543062052350e-01 6.916726541263806816e-02
-1.009678158736867726e+00 1.446445059888540330e+00 -1.014864803479781807e+00 1.139664489013016091e+00
8.384816222911964934e-01 -6.960197148475141260e-01 4.222744545885338541e-01 -5.326115900116766833e-01
5.556060791566102414e-02 -3.399043319769091687e-01 -1.867927924369115200e-01 2.635998935097373930e-01
-5.223651063455736487e-01 3.629191899375576180e-01 -6.364771046700985480e-01 2.838670787691541797e-01
3.653016779261574865e+00 -3.426966048945291554e+00 2.613373925638359019e+00 -2.568743331860479095e+00
-7.387175814701942012e-02 8.952399220447042338e-02 -2.870032972093697343e-01 7.026320692405954582e-02
-3.918623224723384868e-01 3.295942701482255655e-01 -5.349601490052861008e-01 2.579026807412183042e-01
-1.178867266515171153e+00 7.865687014907342123e-01 -1.146855313766798057e+00 6.208797282389992844e-01
nan nan nan nan
-2.464768348847768686e-01 1.788904009770882486e-01 -4.219286796216832891e-01 1.397355179197701247e-01
-4.630546908071013767e-01 2.571220130467369858e-01 -5.903532973326123257e-01 2.013170698649286994e-01
-5.944073583472397893e-01 2.653195913399177264e-01 -6.925213082071188797e-01 2.076966301710988505e-01
-1.141064862953428571e+00 1.790742274307662418e+00 -1.117497241218432968e+00 1.421805859831881458e+00
-7.417725489280748707e-01 6.554743390200482578e-01 -8.069203558005219046e-01 5.151196665793355001e-01
-5.200297425891661218e-01 5.013084122200370807e-01 -6.344802096004880099e-01 3.923779636340352650e-01
1.758177189495514492e-01 -1.347727090064578248e-01 -9.309989310258272310e-02 1.050123674138601360e-01
-1.544259117501206813e+00 9.283672168701783134e-01 -1.431187390457728359e+00 7.383180310690091730e-01
nan nan nan nan
-8.578199520513411780e-03 1.191095057890654840e-01 -2.364615697999994381e-01 9.308840887919218876e-02
8.553863062040565346e-01 -6.762396844836885412e-01 4.355480954833672591e-01 -5.187963798189785258e-01
-6.966557131751508258e+00 9.294074160499484094e+00 -5.637784918767441589e+00 7.425151054855511745e+00
-1.179911151832710864e-01 8.068253336717279289e-02 -3.211341915187783669e-01 6.315792342335788123e-02
-9.268185601487288761e-02 7.463344632883793517e-02 -3.017933146798911781e-01 5.870017020764400906e-02
-8.270335506078387022e-02 6.887166097245066287e-02 -2.940711393757817760e-01 5.423625710951147233e-02
-2.487784539976590700e-02 1.717856781180263914e-01 -2.493667308377020553e-01 1.356860425057840602e-01
1.695038843681828111e-01 -2.682082682711022237e-01 -9.779799620905632596e-02 2.115437625989690373e-01
-1.703118361247639434e-01 1.594306866379844589e-01 -3.622216959936930825e-01 1.263880010810529420e-01
-8.988435339826426895e-02 7.832246969980989626e-02 -2.992843102492331320e-01 6.151553830225284930e-02
-3.155247862063662034e-02 7.125604084188261189e-02 -2.540257587340324918e-01 5.595891218304455128e-02
-1.402194717577126271e-01 6.790452439469672752e-02 -3.385279575559850818e-01 5.357739794080944307e-02
-9.038049637748549192e-02 1.043349727382252567e-01 -2.999046585586389591e-01 8.255387985210629886e-02
1.174774752545130418e+00 -6.781091783427479758e-01 6.841147585809883580e-01 -5.252831695252121458e-01
-9.351897379802397436e-01 2.323052986016604649e-01 -9.568193038300470965e-01 1.849694873188981459e-01
-4.709337017087765198e-01 7.190162061015910322e-02 -5.956903681731295919e-01 5.692632497202484293e-02
-3.430889675417527207e-01 6.669327557801255080e-02 -4.964564005033834104e-01 5.272659272272847003e-02
nan nan nan nan
-6.975555749570186426e-02 9.957479981243042011e-02 -2.839213969314071107e-01 7.813552543974539022e-02
-2.832825587999233674e-01 4.056881231958920364e-01 -4.502394944535884069e-01 3.221018747464351462e-01
-2.348929732977139140e-01 7.774422734564612192e-01 -4.124662534296685834e-01 6.106727383300867285e-01
-1.103745614694055660e-01 5.638723451353064853e-01 -3.159959812308708038e-01 4.401287441545758683e-01
-4.758749577717779067e-01 5.294432319238487894e-01 -6.000238806900920485e-01 4.149485028930287034e-01
6.099459438755054919e-01 -8.179927835320769391e-01 2.443896076088900582e-01 -6.337963789413023630e-01
nan nan nan nan
nan nan nan nan
-5.870107978742086230e-01 4.644271297075673322e-01 -6.868571052735630289e-01 3.652500315096143813e-01
-2.351842255774423407e+00 3.850056894613486769e+00 -2.062036437329511251e+00 3.089360221959673414e+00
4.983956735033040486e-01 -1.231054307929864811e+00 1.578480975703160094e-01 -9.508162835779806477e-01
-3.390347343081231979e-01 2.175891047819704938e-01 -4.940236441571099757e-01 1.704282610365837058e-01
-7.625019154019250234e-01 4.001248739775007945e-01 -8.232004947506976755e-01 3.150376175826712366e-01
-1.001941831851052456e+00 1.047568245444379098e+00 -1.009584222138098397e+00 8.314999579935500318e-01
-9.639927677577811438e-02 4.925672387646921613e-01 -3.053484148958666156e-01 3.837092250388852710e-01
-4.875420373013810704e-01 6.683330514104461884e-01 -6.093725474646135565e-01 5.242388626481189196e-01
-4.176468099282511504e-01 7.540319097518092262e-01 -5.551273873404873882e-01 5.909721566591411568e-01
-8.900756653300122556e-01 2.945506263822554316e-01 -9.214746640698472380e-01 2.341743523862816201e-01
-2.204411183406129460e-01 2.501791754396645029e-01 -4.016000820816870709e-01 1.952709507273759082e-01
-3.179625602794993733e-01 1.914369020143034394e-01 -4.775939359991327460e-01 1.495860265409469370e-01
-1.968011339858826148e-01 1.910586334133137776e-01 -3.827767230019404332e-01 1.496299063322109324e-01
2.195080384468604606e+01 -9.928682762126423711e+01 1.681274114542533127e+01 -7.593834907994184391e+01
-1.188788977233557143e+00 8.130727667149504345e-01 -1.154869016833708795e+00 6.435629560522377890e-01
nan nan nan nan
6.517344076522592344e-02 -1.146115452190235307e-01 -1.790141829544256713e-01 9.008410665668473150e-02
4.602999288691819180e-01 -3.607993197141673436e-01 1.287064814623306297e-01 -2.808523182616535774e-01
-1.073179789955525321e+00 7.248986017167582396e-01 -1.063698078196716690e+00 5.794199220713128762e-01
-9.525824284995779156e-02 5.277726273056640993e-01 -3.031529393390445248e-01 4.181793227684473813e-01
-3.010429311664281626e-01 4.781134158817483271e-01 -4.632733149832567454e-01 3.789708047005513336e-01
4.369615580401907118e-01 -8.002532618672463238e-01 1.107317055099556191e-01 -6.284831379906552495e-01
-8.275950746299833016e-02 3.281072470768884308e-01 -2.933611804831708914e-01 2.593548955109655774e-01
-2.937556631751648273e-01 7.737755812299615399e-02 -4.581105090275617298e-01 6.120565396875771863e-02
-4.883205157623093928e-01 4.901599834145390355e-01 -6.090723168292390133e-01 3.897222427475472983e-01
nan nan nan nan
nan nan nan nan
-2.674824826903327013e-01 2.208753164259498192e-01 -4.375300245598813809e-01 1.750129425423886664e-01
-5.048405683907881691e-01 4.487852047176484893e-01 -6.218909530988995238e-01 3.567449671286617718e-01
nan nan nan nan
3.702449220068059210e-01 -5.527303335790008099e-01 5.826554563705498013e-02 -4.332123648127856885e-01
-3.975553895991928433e-01 7.947804952056850558e-01 -5.385427771899438110e-01 6.313674641387388986e-01
nan nan nan nan
-8.591382178413397019e-01 2.763952332136906387e-01 -8.976300419345656367e-01 2.177798784818083810e-01
-5.324212226373385981e-01 2.392354667954838809e-01 -6.436832088043772382e-01 1.897100142925793043e-01
-2.137796860335381133e-01 2.045216394701940832e-01 -3.957895079225208224e-01 1.620660874897136561e-01
-1.848925345427331057e-02 1.460767493594114508e-01 -2.435518360708956997e-01 1.146498220325610773e-01
1.707794098818286033e+00 -2.616456278875977315e+00 1.100214402091965082e+00 -2.019217796556050715e+00
-7.326899061588248996e-01 1.038076893763690833e+00 -7.992327958235048158e-01 8.270492415913724971e-01
-3.182272501245472784e-01 9.298272099773108312e-02 -4.770040002835648774e-01 7.354535672850411043e-02
-3.161516398242162351e-01 9.271869347979630471e-02 -4.757412827598670457e-01 7.290175775672526337e-02
-4.230769305600907138e-01 1.365175882268787888e-01 -5.586443121552895352e-01 1.078231332903477752e-01
-4.769144101829581595e-01 2.176677062256061890e-01 -6.007494601349105956e-01 1.719663836048914984e-01
-8.486577097282258508e-01 1.354568862330048085e-01 -8.900265149909736273e-01 1.076351125093541472e-01
-4.735559783128942546e-01 8.510038964048728671e-02 -5.982672436115518133e-01 6.769034840176277323e-02
-4.327970257812172039e-01 6.642431927481498577e-02 -5.662077096086240990e-01 5.278431623647998616e-02
-3.428320956573637779e-01 8.152447212610147709e-02 -4.963366404871766835e-01 6.444334117570349463e-02
-2.099945564978947521e-01 1.335698696341209579e-01 -3.928168660490518049e-01 1.051854748376219728e-01
-4.997860568666906289e+01 2.142703646118659719e+02 -3.856776441952967360e+01 1.630817743492303862e+02
-5.918407231139805047e-01 1.716801192314810764e-01 -6.897694871575598130e-01 1.362012144651813528e-01
-2.506777115459250527e-01 1.306043952511656281e-01 -4.246725011604765565e-01 1.037361066446046143e-01
-3.359155480949723716e-01 6.529382101909768366e-02 -4.908561633727546725e-01 5.178955473615818456e-02
nan nan nan nan
nan nan nan nan
1.236542195514388265e+00 -5.137178198189835676e-01 7.326040357095857658e-01 -3.954269283433113902e-01
-5.216908413247971499e-01 1.663120338394568909e-01 -6.352730841939585593e-01 1.309092570285952384e-01
-5.777439787329545773e-01 3.672488288590616823e-01 -6.789121333187793095e-01 2.896508953870739478e-01
-2.810934087799042969e-01 6.521671691336377030e-01 -4.483264923435474891e-01 5.109114795592629710e-01
1.187601884196291639e-02 -1.483671136140798374e+00 -2.204310379832020161e-01 1.159254936122267710e+00
-4.476765380363625368e-01 2.285724444139942413e-01 -5.778223746988500054e-01 1.794601150876548867e-01
-3.929325325440143346e-01 2.066901197205106566e-01 -5.351951249864519422e-01 1.619436155457378013e-01
-2.781877902578138717e-01 7.673730829680668053e-02 -4.460219802640077447e-01 6.045809700475329729e-02
6.528138546263551056e-01 -1.396618026561174952e+00 2.777111007895415318e-01 -1.080397063574664251e+00
-2.952643985782059666e-01 1.369284621115197220e+00 -4.590748027120231112e-01 1.073480698634956987e+00
-6.090281146765860187e-01 6.227165490788814095e-01 -7.034376715872848740e-01 4.904519422447140564e-01
-1.678356456704926114e-01 3.804335908348329132e-01 -3.601575414459842750e-01 2.979707458464124770e-01
1.271463044025469280e+00 -2.413966486336541539e+00 7.593212417229294742e-01 -1.851661603218949903e+00
-3.721073331894065306e-01 5.296876642027027460e-01 -5.190513801916563086e-01 4.159229113623933438e-01
nan nan nan nan
-1.232822305314485306e-01 9.704325836366194391e-01 -3.257293147237471653e-01 7.590984749263726128e-01
8.970339913124808495e-01 -3.060598558206840458e+00 4.680035238334568914e-01 -2.359619219865080275e+00
nan nan nan nan
-3.289758402386294689e-01 1.960396543210396747e-01 -4.855845962353399492e-01 1.546875504189145489e-01
-2.329692369013532938e-01 2.325144962079456201e-01 -4.107730991747278737e-01 1.824720734636089969e-01
1.703313906464827276e-01 -4.187578765725148422e-01 -9.710933891310989663e-02 3.259024485388125614e-01
-6.244160681326904605e-01 1.081234338343265433e+00 -7.150464973826192727e-01 8.516766564417495022e-01
-2.079398156054256819e-01 5.932214523389696126e-01 -3.914008025836664961e-01 4.651959668995832575e-01
1.225276336455008996e-01 -1.415840753990074419e-01 -1.341238812624554189e-01 1.110656227146292474e-01
7.302913978825471553e-01 -4.918536920200322626e-01 3.379617619743733870e-01 -3.842156092543482226e-01
-6.446723941591021578e-01 1.765893766297291223e-01 -7.314074335335672972e-01 1.404864395984705416e-01
-7.100998414172243756e-02 4.797518553196119528e-01 -2.850978540413344753e-01 3.776578285624859754e-01
2.158996450527760624e-01 -9.150870371575098305e-01 -6.191842002743285639e-02 7.150208046655190941e-01
2.281306730065029154e+00 -2.881021101063208079e+00 1.545024409153489264e+00 -2.192930373248967335e+00
-1.074576609182214260e-01 2.656830558462059955e-01 -3.136554111291331437e-01 2.089714274022655971e-01
-2.629612033720229447e-01 2.515810406444777270e-01 -4.344496877020791459e-01 1.983026516639753711e-01
-2.346101990815214755e-01 8.316718332222050591e-02 -4.121526322189842384e-01 6.597532403406748680e-02
-3.158217918826833337e-01 8.036640446484482059e-01 -4.753778273386615738e-01 6.327325559560693646e-01
1.214128446848701692e+00 -2.783493172188410636e+00 7.146087194125969599e-01 -2.143418508171059944e+00
1.182103120874528068e-01 -8.283399656300043379e-01 -1.379002618413583126e-01 6.481242877067805441e-01
-5.544859498999081815e-01 3.258260218641503281e-01 -6.611256909115763580e-01 2.570427636455659970e-01
-7.104648370418038539e-01 1.258036112187219668e+00 -7.824732001544548732e-01 9.953952517554152113e-01
2.464450138396009071e-01 -7.675216903644926925e-01 -3.830190717864552508e-02 5.992902694798108998e-01
-1.941592122562176004e-01 2.532109577876430206e-01 -3.810264163852267738e-01 1.987968363977000996e-01
-7.515789580569832706e-01 7.242393280807672973e-01 -8.143977925465160084e-01 5.735148996621870499e-01
-8.632279229378886365e-01 1.523593698883426439e+00 -9.013200608637094158e-01 1.209400892335191102e+00
-4.718388590893026202e-01 9.549556771451123138e-02 -5.971389874383870033e-01 7.626502344011867884e-02
-4.472208276194574172e-01 1.692034552102084644e-01 -5.776223660568209350e-01 1.331685546786772756e-01
-3.696881740925287985e-01 2.113531230644498382e-01 -5.173189960211705962e-01 1.663637844957404355e-01
nan nan nan nan
-1.010054009193912750e+00 8.169113732289808860e-01 -1.015331726420923397e+00 6.490507555321888278e-01
-9.667563535444020362e-01 5.132594381709564280e-01 -9.817095596540751368e-01 4.070516441005592179e-01
-4.240143952244330161e-01 1.372770330919686754e-01 -5.593840810371966121e-01 1.082631020251589443e-01
-1.042782608692885415e-01 3.345591122607529666e-01 -3.105728452975777820e-01 2.624547489119684607e-01
