1.322084098164600652e-01 -1.996274731232237365e-01 5.544892952505799943e-01 -3.813048691292951209e-01
8.797297319902074031e-02 -2.687994753134348436e-01 4.721732870821150896e-01 -5.157364555885785018e-01
nan nan nan nan
7.102537623287985546e-01 -2.433246519946929698e-01 1.630171220220355766e+00 -4.713185042516786494e-01
-1.813325236786693384e-01 3.614795685963142491e-01 -2.897166196019450995e-02 6.857208874936197018e-01
1.660185248754875997e-01 -3.396029389506278751e-01 6.174061187080239765e-01 -6.513121039096241294e-01
-5.724166567192487065e+00 7.083939529800893808e+00 -1.034350687452309714e+01 1.289283603185962690e+01
4.391486794068032440e-01 -2.973972106987425867e-01 1.125668249295202372e+00 -5.754670379606436903e-01
nan nan nan nan
5.825271761224078970e-01 -2.134003993816223910e-01 1.392477076544415659e+00 -4.127106677289713033e-01
1.379166065171133493e+00 -1.268666336197644018e+00 2.874924655452352873e+00 -2.474077373620421127e+00
5.073426996192779148e-01 -2.620123669858061555e-01 1.252565170605471678e+00 -5.043528787106580369e-01
4.171770058378481139e-01 -2.034443501950671807e-01 1.084764566722520085e+00 -3.923571148724593893e-01
9.401499443052261373e-01 -1.493727168156641361e-01 2.057969913900076442e+00 -2.900062321741737614e-01
1.365402416333910240e+00 -3.181096252988388495e-01 2.849312092002669772e+00 -6.192872825492378164e-01
7.501825601463021909e-02 -1.180697142489397056e+00 4.480656988993334533e-01 -2.260251508786602859e+00
2.921548781198196609e-01 -4.529043477277582275e-01 8.521303716023943542e-01 -8.705048844346650050e-01
8.652076367809473645e-01 -1.700291974055413713e-01 1.918511168305057524e+00 -3.295478962527678690e-01
2.823277426116213018e-01 -2.501264379642412772e-01 8.338520958823776308e-01 -4.788019077652719280e-01
5.499973342614110638e-01 -8.041262471596416495e-01 1.331935020781649159e+00 -1.549716654262614624e+00
1.449292960871529701e+00 -7.314636379704753111e-01 3.005422024858706020e+00 -1.429744114700270075e+00
7.084458466074508055e-03 -1.882288844343714684e-01 3.216490912118099010e-01 -3.588240512274906702e-01
8.224100098477005183e-01 -2.488381662722585208e-01 1.838870345748607527e+00 -4.814143315607740670e-01
8.153816737975331241e-01 -3.562999050420524449e-01 1.825791138975908723e+00 -6.899293721340359342e-01
1.416212076326677005e+00 -8.207801074901632798e-01 2.943862728515317162e+00 -1.596512004002744733e+00
3.453575371220348189e-01 -1.864731999145832764e-01 9.511412744646744466e-01 -3.578709456373447839e-01
7.553805541806668522e-01 -2.776126454989103487e-01 1.714155469109400309e+00 -5.387547906334547720e-01
1.855670919696044141e+00 -8.412773541679227085e-01 3.761641732055310161e+00 -1.642424141763551226e+00
7.891468053818232464e-01 -1.839767514356552391e+00 1.776971260260120200e+00 -3.557838364466160641e+00
6.534292913788944945e-01 -2.448832887583253792e-01 1.524399323008440499e+00 -4.741294312445005210e-01
4.776765306320083782e-01 -3.833031219656582445e-01 1.197361773150801945e+00 -7.371114271225541748e-01
6.969324588786188768e-01 -3.423177301789313565e-01 1.605371672470992328e+00 -6.612288819890672631e-01
4.229026433254932549e+00 -1.967957680398581211e+00 8.178165767905841932e+00 -3.784762820541698325e+00
3.170908068300075100e-01 -2.319143590042838099e-01 8.985411230768691748e-01 -4.445684773524818945e-01
7.850525248078483731e-01 -3.493055697967290540e-01 1.769352499507527821e+00 -6.778956101291464531e-01
9.500253708133005182e-01 -2.488211273536115042e-01 2.076346628128092231e+00 -4.820524992186304147e-01
3.189409817699432104e+00 -2.260128876556840360e+00 6.243566576655220857e+00 -4.375198549039017060e+00
1.697557750794311815e-01 -2.862750857526771275e-01 6.243655339577770524e-01 -5.451296063136971126e-01
6.072739116258625280e-01 -4.014951141938578605e-01 1.438529462124014779e+00 -7.783311607429648227e-01
9.747679467337241332e-01 -2.852854332995762854e-01 2.122389473247952019e+00 -5.536390488785698505e-01
8.418852577858556563e-01 -4.714728610660956498e-01 1.875111056775607077e+00 -9.136928174980659678e-01
6.787007884023791293e-01 -5.373761421639726699e-01 1.571444767635229445e+00 -1.036610340419716669e+00
9.362810957416889401e-01 -3.932815650025691112e-01 2.050770133062102651e+00 -7.638899395880603960e-01
7.507920871388351625e-01 -1.842556927262210820e-01 1.705594095133750709e+00 -3.585022017097928004e-01
3.728524070469950158e-01 -4.892368378112572080e-01 1.002298661718152850e+00 -9.436448811218987043e-01
1.256124592258442307e+00 -5.617143996185203214e-01 2.645959556691901859e+00 -1.096220082352769465e+00
1.435643694797541225e-01 -3.418560845965384343e-01 5.756215704396013821e-01 -6.539217350778947502e-01
nan nan nan nan
1.368775333272047867e-01 -4.469894090183864077e-01 5.631783124190717915e-01 -8.569216034326121445e-01
7.788891033688664089e-01 -6.342030386827589572e-01 1.757882936200756419e+00 -1.227133849773561991e+00
9.903838118003209789e-01 -4.684466492475886090e-01 2.151448657860179026e+00 -9.122355841530004339e-01
5.295937794550937827e-01 -1.687663858537257200e-01 1.293967484853866701e+00 -3.248642328006076663e-01
1.636657128404625794e-01 -2.688576875686893852e-01 6.130277216764687953e-01 -5.146441179909848618e-01
-3.279396854935897609e-01 6.033144066751773282e-01 -3.017897198014289351e-01 1.128266916621541771e+00
-6.767869540465328015e-03 6.662117217682096415e-01 2.958717069659418386e-01 -1.262593917811722921e+00
5.954757045512072411e-01 -1.549745166227319559e-01 1.416554062085882526e+00 -2.988983057239282259e-01
nan nan nan nan
-7.519867160772450987e-01 1.505614956586131425e+00 -1.090889188435965051e+00 2.799222508925010455e+00
3.822649403706065652e+00 -2.073550113289894803e+00 7.421948128469065153e+00 -4.002685848279037728e+00
7.007206029404138281e-01 -1.881210013753417121e-01 1.612417888220003981e+00 -3.653714404547188099e-01
2.521741592158653900e-01 -2.593230198543716725e-01 7.777313380015866695e-01 -4.984301469985018551e-01
9.035213772458842163e-01 -5.980938746777516579e-01 1.990048417484804100e+00 -1.163476211740300359e+00
1.039932962240791570e+00 -1.427833586703664448e+00 2.243653400888398597e+00 -2.779277096640117684e+00
1.442795116572232361e+00 -5.519153559940885856e-01 2.993330384004110112e+00 -1.079594486981796830e+00
1.110043135881546572e+00 -5.486077471035566422e-01 2.374119989987939494e+00 -1.072526645713167248e+00
9.834379656370645373e-01 -1.868915866976730844e-01 2.138521256203639087e+00 -3.645137211048942727e-01
1.671488158180505001e+00 -6.699767783705449231e-01 3.418900053300423458e+00 -1.309335951805672638e+00
-1.025935874208295934e-01 5.466949253393955654e-01 1.175517747941640379e-01 -1.034950003822340259e+00
1.046249195099561824e+00 -5.855793656053149832e-01 2.255407196620491828e+00 -1.140186117443987346e+00
1.025380824986491524e+00 -2.295589795304160408e-01 2.216573912451897055e+00 -4.464736178269733125e-01
7.656795856419565949e-01 -4.113405239035504146e-01 1.733260534861346791e+00 -7.997479641025850849e-01
3.598425445891324070e+00 -2.250758159515370949e+00 7.004694586090332464e+00 -4.354170053361165138e+00
8.521038533352168765e-01 -3.958316416190737486e-01 1.894126611385419157e+00 -7.680828462605385765e-01
4.771484748118741126e-01 -1.671316838728421073e-01 1.196378750693382065e+00 -3.213264674636137075e-01
nan nan nan nan
1.316841834712500825e+00 -2.278179621497895824e-01 2.758946987880926738e+00 -4.447755922452255040e-01
5.884889072191263476e-02 -8.677732018297256156e-01 4.179765417307684805e-01 -1.664171712601401509e+00
6.844609598269918438e-01 -1.971581468618427979e-01 1.582163748260778879e+00 -3.806381795508488874e-01
1.302162467290215675e+00 -3.343417845101750441e-01 2.731630354211033840e+00 -6.518414329964711262e-01
5.272367691922390520e-01 -1.726433228906460171e-01 1.289590980605354043e+00 -3.350417352445942409e-01
1.162004564451591948e+00 -6.443775481407283401e-01 2.470813696941028592e+00 -1.253026556061678232e+00
nan nan nan nan
nan nan nan nan
1.161016676728599428e+00 -2.369090916413812697e-01 2.468973129931500310e+00 -4.636504126169672668e-01
1.122395180958454031e+00 -3.731141913145376021e-01 2.397105553066538164e+00 -7.249454005711620797e-01
1.397055045648390115e+00 -1.823846526321952100e+00 2.908213751388845303e+00 -3.563541003877370716e+00
9.035831891023617946e-01 -4.066311967679309691e-01 1.989923336464068493e+00 -7.909500060503061869e-01
1.169506877552480839e+00 -1.928833426855756372e-01 2.484776631924927592e+00 -3.769207638700310947e-01
9.607907940846165395e-01 -7.308346048926183114e-01 2.096379677652218998e+00 -1.421327605654752579e+00
3.244999521739881931e-01 -3.602149614441846337e-01 9.123391424488458412e-01 -6.913230819302790264e-01
2.896943103710227785e-01 -3.635444614708531197e-01 8.475514628604976508e-01 -6.975096397214999300e-01
9.883190788212088407e-01 -1.892633218394644545e-01 2.147608482128977148e+00 -3.697264541306954921e-01
1.202135985323430134e+00 -4.467437248336304512e-01 2.545493403726158288e+00 -8.711672544501246618e-01
1.153048828069280241e+01 -3.164954204367354507e+01 2.176531348821342959e+01 -5.975363349473779806e+01
1.036676377533566118e+00 -5.463609559929025750e-01 2.237593383284723014e+00 -1.063588810952609043e+00
8.430939149853037273e-01 -2.222187688412430584e-01 1.877358835923386593e+00 -4.337581606733681427e-01
9.368505890947915749e-01 -2.841547220624911496e-01 2.051907041795616227e+00 -5.551720745092100229e-01
1.240201553584845628e+00 -5.523220925548734117e-01 2.616328767479921602e+00 -1.074820712473638640e+00
nan nan nan nan
6.359426534779717421e-01 -1.842602801949659030e-01 1.491878594205743758e+00 -3.551687937893492908e-01
1.376392572499243627e+00 -3.955276197570526953e-01 2.869763532967178232e+00 -7.692907804532729266e-01
1.918656359773302400e+00 -2.335170067602768906e+00 3.878849961087120324e+00 -4.560974652680251928e+00
6.471437358220789582e-01 -1.012352141050947507e+00 1.512697500129712935e+00 -1.958683498333802842e+00
6.323533335266343647e-01 -2.073095794740517084e-01 1.485200003493096110e+00 -4.034590420745687855e-01
1.276516388600080099e+00 -3.550088832506125280e-01 2.683906263605574161e+00 -6.936931659764651315e-01
1.836167732369774042e+00 -4.965903847705742113e-01 3.725348634281816285e+00 -9.702183071063391617e-01
7.277542414570490337e-01 -1.442852371119043742e+00 1.662741292213318456e+00 -2.798406094475131223e+00
1.029177935211593509e+00 -2.303675915655892248e-01 2.223639777361558156e+00 -4.491477825355808529e-01
nan nan nan nan
nan nan nan nan
-7.179035984748783905e-01 1.027520237714593065e+01 -1.027464680646737349e+00 1.924480709934225686e+01
8.886252426791986236e-01 -2.114703897522004494e-01 1.962088458696328086e+00 -4.105019347832192245e-01
nan nan nan nan
5.257900462955901189e-01 -3.353110934101135587e-01 1.286897177771127776e+00 -6.501075169412727783e-01
-6.914954447777560631e+00 3.655882237524946987e+01 -1.255941738489825710e+01 6.669400741119153508e+01
nan nan nan nan
1.535617832740443944e+00 -3.941082057730407318e-01 3.166062016891699304e+00 -7.687480010079795756e-01
1.066825239861874719e+00 -2.115896499063595337e-01 2.293696801032880206e+00 -4.128580058752372994e-01
5.120794340062763794e+00 -9.490203768534087203e+00 9.837999838489297488e+00 -1.821834086551167786e+01
5.860111165297626767e-01 -1.795835844585232655e-01 1.398963808845857582e+00 -3.479373162520879581e-01
4.458129151587539307e-01 -2.461490368752971558e-01 1.138066185592590873e+00 -4.713243969249789056e-01
9.567388400583488606e-01 -1.684907184099384558e-01 2.088842871924123656e+00 -3.292531293078703181e-01
6.975033864230826275e-01 -6.848675611750438819e-01 1.606415090230175480e+00 -1.328679961524478870e+00
2.036431725999830744e-01 -2.848112355789711447e-01 6.874219158976159205e-01 -5.499137919010236297e-01
6.165421416141013689e-01 -3.023559427993360305e-01 1.455772141429398703e+00 -5.852191940445372609e-01
8.312234500619954947e-01 -1.603409024600096766e-01 1.855270001822976411e+00 -3.113695901169419855e-01
5.485063968044666671e-01 -1.960742194283836282e-01 1.329200912341313767e+00 -3.797801046602695130e-01
3.410007904672381907e-01 -5.760393206993426052e-01 9.430510757611658690e-01 -1.106628987899225480e+00
-1.682524450713702935e+00 1.191984988504051435e+00 -2.822505821645705737e+00 2.159427934681573458e+00
6.767241437417412797e-01 -1.714498887578959352e-01 1.567772421919016557e+00 -3.316118072862452304e-01
8.335166481346910627e-01 -2.626825000042961600e-01 1.859538846386604050e+00 -5.113110720549310928e-01
5.032951378224237438e-01 -2.771339648007446477e-01 1.245037772479759441e+00 -5.384064888926832770e-01
3.418036042376670913e+00 -1.972159298697414798e+00 6.669012143605177023e+00 -3.815942243532944644e+00
1.111159291290168216e+00 -4.381437307856692609e-01 2.376197027395033246e+00 -8.532677279585466623e-01
6.382190669414482542e-01 -4.679820523810107047e-01 1.496113156810791045e+00 -9.073590124045014527e-01
nan nan nan nan
nan nan nan nan
-3.665918118146590521e-01 1.602844075851802774e+00 -3.737165375141679458e-01 3.028925480029862616e+00
2.089302102608796119e+00 -6.777281730730405629e-01 4.196400850003914051e+00 -1.320605957789389606e+00
9.720943196496052430e-01 -2.431054590043857655e-01 2.117414223931534778e+00 -4.711417964399209346e-01
5.186567117378515501e-01 -3.283780327462377246e-01 1.273618736570352405e+00 -6.324270322890509499e-01
2.873180484656620948e+01 -1.115820002842501424e+02 5.377481357148475638e+01 -2.088629911731449624e+02
-2.388520768578210607e+00 4.611687712600378575e+00 -4.136278391531389431e+00 8.366674123474911795e+00
5.813568590202018438e-01 -2.340690304754136364e-01 1.390285785508367900e+00 -4.515302788581106452e-01
2.189454818490440768e+00 -8.629999238302774600e-01 4.382772808012860288e+00 -1.680178484005283801e+00
-2.317969859943908872e+01 1.910849800051103102e+02 -4.282611760044636640e+01 3.531420540340155867e+02
2.253685392931813247e+00 -5.577445463432862738e+00 4.502298002622560524e+00 -1.088860554803914837e+01
6.193917164060737113e-01 -2.588312705763297639e-01 1.461060238355150309e+00 -5.002484154651557491e-01
4.833038385890372490e-01 -5.073687245990884387e-01 1.207835432013394161e+00 -9.835604997866479460e-01
8.800751655105816529e-02 -7.240301513725080351e-01 4.722370646110595760e-01 -1.382812498111627653e+00
2.025227893263517043e+00 -1.868773214805373284e+00 4.077166570648189214e+00 -3.644086938470436188e+00
nan nan nan nan
7.898455276979715611e-01 -3.688253621000569527e-01 1.778271685472142538e+00 -7.158895505536447823e-01
4.964426237320786472e-01 -3.931128174666137509e-01 1.232285795937319683e+00 -7.655497086344698054e-01
nan nan nan nan
6.554640509736832099e-01 -2.374661164020961390e-01 1.528207680476796559e+00 -4.577291631422092943e-01
2.835537707883108993e+00 -9.167011817419018493e-01 5.585054032073050401e+00 -1.779903513682695060e+00
1.129729368811476897e+00 -6.205219149475795781e-01 2.410753583596736416e+00 -1.208058745587385019e+00
1.310413010295783609e+00 -3.057483448386706382e+00 2.746983653930114677e+00 -5.950204892146227387e+00
1.210805688247022172e+00 -4.462313906453627133e-01 2.561626681609283196e+00 -8.675586462836126778e-01
2.710171148471181568e-01 -4.194185866371489824e-01 8.127956327972749584e-01 -8.070111280040426216e-01
4.685940954142918391e-02 -4.217480852697342297e-01 3.956655237226726629e-01 -8.060593537898078642e-01
-6.290086354254013301e+00 8.041172789047609015e+00 -1.139661390743389546e+01 1.464751303263775384e+01
6.635823223718758657e-01 -2.897545032413852417e-01 1.543243104918880171e+00 -5.639079986445486581e-01
5.870202327122416852e-01 -3.920951491177758763e-01 1.400840986374591646e+00 -7.533958704922133487e-01
1.438828318635787085e+00 -3.128955133850739867e-01 2.985948843812104236e+00 -6.081790301592798764e-01
-1.576717918234171734e-01 1.178447202609160138e+00 1.505799878534462913e-02 -2.232551170402951257e+00
8.441536745791110574e-01 -4.164916522184168302e-01 1.879320967455814229e+00 -8.126160607112220546e-01
1.036842731881295387e+00 -8.256473768947777403e-01 2.237902919172550131e+00 -1.604973922402437969e+00
8.884087744762779737e-01 -3.579498850680152833e-01 1.961685941058343818e+00 -6.970600214682798335e-01
9.526959204709265494e-01 -1.288112661938005665e+00 2.081316108230880424e+00 -2.506504737100256897e+00
1.814674176534811556e+00 -3.374615842037117730e+00 3.685351887914816604e+00 -6.580556759485758356e+00
8.227189352706663072e-01 -7.056908747194823306e-01 1.839444878183389420e+00 -1.368586312359507673e+00
8.358982565580018731e-01 -3.126630695679989969e-01 1.863970189893558116e+00 -6.051042387067943062e-01
-1.470244985582429997e+00 1.724829716828264248e+00 -2.427479750115033585e+00 3.175078488309579949e+00
9.013887733300852689e-01 -3.932025071513736703e-01 1.985839806318355105e+00 -7.633611024086681685e-01
8.760971997528705923e-01 -4.412397606640995340e-01 1.938775327545246618e+00 -8.551213246566263804e-01
9.738012737789104867e-02 -2.105905455003090065e-01 4.896795182822998860e-01 -3.992724681834670108e-01
-4.223086022561827746e-01 7.970746432914180835e-01 -4.773986402217611502e-01 1.517155138623408783e+00
1.234607355469508505e+00 -1.245030429494637048e+00 2.605918606055346753e+00 -2.425816722490087951e+00
1.955090161739281518e+00 -6.358480630804121958e-01 3.946648822453060923e+00 -1.239463501771836507e+00
nan nan nan nan
5.355666411618997813e-01 -3.405898248305264109e-01 1.305087588623130790e+00 -6.568393974144749459e-01
4.635189661252105409e-01 -7.531510036676146713e-01 1.171017962234574883e+00 -1.456571012797161391e+00
2.146936765745567133e+00 -1.086677378894185919e+00 4.303651904503807302e+00 -2.114586559912224217e+00
3.605438617580588589e-01 -2.193624407914006869e-01 9.793587782454892254e-01 -4.201563221643908608e-01
