5.228001264908478316e-03 2.489850644143391670e-04 -2.664165006568679217e-03 6.020377059239234111e-04 6.048533951262199688e-04 6.579236450596914624e-04
2.441727638281106574e-02 7.122793119871128091e-05 -2.333300722626376403e-02 7.199568162348990094e-04 7.640625338608117087e-04 6.862991081420942614e-04
0.000000000000000000e+00 0.000000000000000000e+00 0.000000000000000000e+00 1.264911064067351931e-01 1.264911064067351931e-01 1.264911064067351931e-01
2.179754073160714012e-02 2.985239291573926290e-05 -2.182570473849187315e-02 8.507819571248172261e-04 8.640726604449561199e-04 7.580743807852045489e-04
2.501308823436203602e-02 2.958576075444849457e-04 -2.746048988302937990e-02 1.227743527380813172e-03 1.237919684069239057e-03 1.171302368277616019e-03
5.200032012962557074e-05 3.213317776534170881e-04 -1.020046045866802040e-03 6.452225155198807816e-04 7.300960731078112113e-04 6.669191715173960729e-04
-1.511061747288302941e-02 1.766640257306927161e-03 1.206079463982142122e-02 8.139389072510347682e-04 8.146814687954502011e-04 7.974708714809135767e-04
-2.113310805015844798e-02 7.701378014995500544e-04 2.138837730343114488e-02 6.075801882762272167e-04 5.671711279450942925e-04 5.187715040466688889e-04
0.000000000000000000e+00 0.000000000000000000e+00 0.000000000000000000e+00 1.264911064067351931e-01 1.264911064067351931e-01 1.264911064067351931e-01
-2.187176365263363356e-02 4.309409277602873679e-04 2.337111098075094970e-02 8.238043693151189889e-04 7.978563454301441232e-04 7.263544948950185392e-04
-3.053691316107331327e-02 6.022939041935578648e-04 3.305122476284318850e-02 1.550509450972436523e-03 1.636379659068560883e-03 1.519740448095094993e-03
-2.693230104146435849e-02 -8.385074201178369492e-04 3.082057804530657225e-02 1.031049774466459958e-03 1.146555281238442530e-03 1.094250938328415138e-03
-3.127088691985945024e-02 1.046196671379078956e-03 3.577465779442047522e-02 7.417844154885371282e-04 8.551382653475412187e-04 7.501666969298212808e-04
-2.464827599204014175e-02 1.424907777799088587e-03 2.905698717116937668e-02 6.400342426330266716e-04 6.535982873396441835e-04 6.242694130590447548e-04
-3.103547659142829804e-02 1.770954806480366578e-03 3.635182791142770042e-02 1.096490191007095218e-03 1.168397188632813201e-03 9.625329352161497405e-04
-1.964415979071119488e-03 8.951287971549210919e-04 -8.596596180770446540e-04 1.604583875074879016e-03 1.836699133369037182e-03 1.521780066615122844e-03
2.032047706848924898e-02 -1.177741278621038511e-03 -3.225200552708044899e-02 4.050209265651652513e-03 4.651806503060166090e-03 3.903927981072163791e-03
1.779072754829056843e-02 -5.801198210623633963e-05 -2.362444395946975556e-02 1.852333264570485589e-03 2.074920880891716838e-03 1.804782089887215510e-03
1.800882692225293236e-02 2.209502240537643530e-03 -1.312315433103456927e-02 2.194256876577601201e-03 2.401843669966389084e-03 2.065709105737970237e-03
-2.305414568196960390e-03 1.129671700875020191e-03 6.695669787283674464e-03 1.320859202496225916e-03 1.550447429454669896e-03 1.312523410568004192e-03
-3.357823890997554267e-02 9.606203819652152365e-04 3.681045729616099632e-02 8.305179125407720223e-04 9.650992509406546190e-04 8.976050979228016990e-04
-1.899340776004309478e-02 5.648832466729309613e-05 1.772143936932531541e-02 2.137696061344208486e-03 2.313313016879826097e-03 2.053053782972593007e-03
-2.284169215892662211e-02 -2.699902279394338512e-03 1.030665734158777921e-02 5.913069040622960688e-03 6.678620131585919807e-03 5.551985821222093533e-03
-1.805719550224862534e-03 -1.570077134625203364e-03 -5.724305355803204452e-03 2.778709340322464087e-03 3.236401264556590038e-03 2.664882794795720485e-03
4.468675651822097417e-02 -7.975071566004864098e-04 -4.482255317353831675e-02 2.780104729063402353e-03 2.950747636481673014e-03 2.571331776670209967e-03
2.794186227034080663e-02 3.191009248131818771e-06 -2.478767999566496016e-02 2.394155174023405736e-03 2.605175075105877619e-03 2.198685539959164756e-03
3.633038887132968020e-02 2.841717840689380638e-03 -3.095789121249377385e-02 3.111247372077969274e-03 3.431710292564503582e-03 2.893769516267605951e-03
2.965390292691409777e-03 1.652602054491170668e-03 -3.226887362098963558e-03 1.182086552504069132e-03 1.300742189326580586e-03 1.138899234806998572e-03
-2.571592260403681579e-02 -8.713880589908242283e-04 1.605209819878233857e-02 5.827571516515104265e-03 6.490800206668301091e-03 5.418179203362853864e-03
-1.899065534432184399e-02 1.379574503952530912e-03 1.722700569520718705e-02 3.500503534563585966e-03 3.861718040669181225e-03 3.190970004931772876e-03
-1.438136779670504302e-02 3.758767037038054362e-04 1.696175616793635724e-02 8.413392985028959881e-04 8.201998975233664715e-04 8.306752516276553555e-04
3.944789512608787643e-03 3.872556563272262688e-04 -1.878931910194261241e-03 1.286618654106039955e-03 1.314937897686049156e-03 1.166987371055281959e-03
3.366856881152775760e-02 9.094584147044374356e-05 -3.265448126446694743e-02 2.520592141729918051e-03 2.746052976990637391e-03 2.415931158585738793e-03
1.777101342619375607e-02 -1.083822760595567125e-03 -2.193029405610878377e-02 8.190529865895465134e-04 9.299295396166950981e-04 8.386981381639829931e-04
1.477748783419046211e-02 -2.831080758122049654e-03 -2.897021081685557942e-02 4.046294050586823551e-03 4.556020108293925078e-03 3.857257092171302495e-03
-1.393146665076324146e-03 -7.266674802707507545e-04 -5.341035961684919252e-03 2.567651707031129611e-03 2.855473664923113396e-03 2.480247838918247898e-03
-4.227241755074299251e-02 1.226079817353252933e-03 4.673514751360823005e-02 1.164777150488163250e-03 1.201736411438826275e-03 1.136440453202813231e-03
-2.498040382339605792e-02 1.465912432579352751e-03 2.938973563798199726e-02 6.970342437917917888e-04 7.497992277775640578e-04 7.242048645838360501e-04
-3.312707692923932273e-02 1.460604082647274336e-03 3.821977434290711739e-02 1.013649327617103515e-03 1.000863948335879499e-03 1.062674771364300989e-03
-4.675266405895561923e-03 9.604870844524322380e-04 2.423059395954565553e-03 1.528067614203309230e-03 1.714261968789781380e-03 1.955305953211088250e-03
1.391099883345738204e-02 -1.099702221322387211e-03 -2.767632279818638130e-02 4.008039250010407041e-03 4.488611605451238613e-03 5.247465307101045751e-03
1.640689559218031987e-02 1.207939438457722708e-04 -2.177417319255499362e-02 1.864750519552597647e-03 2.104385394595599534e-03 2.391136114402271813e-03
1.998077960507353354e-02 -3.222156461052958832e-04 -1.852759303350095740e-02 2.040184788140639999e-03 2.218025354282126410e-03 2.672343680600083437e-03
-3.394432981753018686e-04 1.212411595758284113e-03 3.222419129853923859e-03 1.339169579290922819e-03 1.445138681556139976e-03 1.737593964899947436e-03
-3.118718234732389960e-02 1.957485265630001196e-03 3.593944063746663808e-02 9.336086333503536587e-04 1.039490034783304827e-03 9.809443471775808245e-04
-2.044330394964119849e-02 1.439342902634451696e-03 1.927324883505212444e-02 1.963167461496182018e-03 2.104142762993921768e-03 2.446961315618996317e-03
-3.041198334382949620e-02 8.831806830254324480e-04 1.846255931978067755e-02 5.515357064155940355e-03 6.147066622628207314e-03 7.206855276350529992e-03
0.000000000000000000e+00 0.000000000000000000e+00 0.000000000000000000e+00 1.264911064067351931e-01 1.264911064067351931e-01 1.264911064067351931e-01
4.468393720138653935e-02 -2.646091877216775502e-03 -4.661010601713006657e-02 2.463301706158189421e-03 2.597439859100904996e-03 3.046873894852858769e-03
2.939444382461361971e-02 -1.070389263212161417e-03 -2.759284851677349173e-02 2.181930326312597496e-03 2.334309701199436746e-03 2.753390460790030355e-03
3.980436689260253430e-02 -3.231915522901263006e-04 -3.571740866899267980e-02 2.903067330948258008e-03 3.200507690678631480e-03 3.816804466741427222e-03
1.709419857020607258e-03 1.506360124226253190e-03 -2.446570653732684647e-03 1.049273936771747068e-03 1.122918134436178212e-03 1.218879728598667696e-03
-3.126425875736230792e-02 3.265475608355689931e-03 2.250512906177267944e-02 5.269353245178321279e-03 5.680925089016692318e-03 6.688106689326806659e-03
-2.317332361151709652e-02 1.935439731467814874e-03 1.990349901187387499e-02 3.187668589728964285e-03 3.515080085151546258e-03 4.085134340628052488e-03
-1.532087180225229044e-02 9.849716097385286147e-04 2.041345283074570000e-02 7.359276193238076681e-04 7.954020103980327617e-04 8.329431628148115975e-04
5.106151793611726428e-03 9.537592842668869263e-05 -2.682035992851720691e-03 1.036121129595056131e-03 1.139210128799353653e-03 1.250400667666806210e-03
0.000000000000000000e+00 0.000000000000000000e+00 0.000000000000000000e+00 1.264911064067351931e-01 1.264911064067351931e-01 1.264911064067351931e-01
1.671004299866891973e-02 -4.951341632639287907e-04 -2.059189314651792280e-02 6.779890413297826306e-04 7.423447230656550185e-04 7.637816546294827263e-04
1.202918344791961518e-02 -5.182999321877928374e-04 -2.482077053249793011e-02 3.534247727469203276e-03 3.885627887276837944e-03 4.402065732841180246e-03
-4.515189932567388077e-03 2.025875219181505742e-04 -1.804936939611102506e-03 2.312407629264807626e-03 2.466011355819625658e-03 2.832235034616088862e-03
-4.097035259124617163e-02 2.000406054036223992e-03 4.655990401863926986e-02 1.056795447234613406e-03 1.261342318098219789e-03 1.174293284967222427e-03
-2.503821512242999231e-02 9.083287085439868506e-04 2.922288308037215843e-02 6.438857385650390616e-04 6.824257208559868400e-04 6.563710871099017515e-04
-2.532510216739194270e-02 6.301293647839420909e-04 3.003453931696745127e-02 6.146590540804574903e-04 6.378569982286262912e-04 6.105772623957020145e-04
-9.462615514656030208e-03 1.476241990201606572e-04 1.177470208501671563e-02 6.169558597363538092e-04 5.853703667547531823e-04 5.737521882271772984e-04
-7.095287140889392635e-03 -4.852459458102079647e-04 1.045720942517743869e-02 7.951795148881806189e-04 7.895488437713812663e-04 7.134652205730825179e-04
1.026617521162881755e-02 -4.429343812110417625e-04 -1.140418697231954451e-02 5.808689795533036057e-04 5.737267551359425885e-04 5.171243405596232445e-04
3.481337321517441463e-02 -3.060037127175956658e-03 -3.900086082176322522e-02 8.943215166134547110e-04 1.027598109980231962e-03 9.254115592340809255e-04
2.508979438716499311e-02 -1.951442883377552378e-03 -2.924309665145354009e-02 6.057043444362833007e-04 6.756492180885310212e-04 6.202096658260545939e-04
3.571938623817064867e-02 -6.683114793220128452e-04 -4.107999911365198265e-02 8.363388346444696961e-04 9.078192654076744925e-04 8.053532125439919268e-04
1.597098770274611723e-02 4.744593535506733215e-04 -1.968443527098730564e-02 6.205045656454364353e-04 6.305799158835292094e-04 5.604683628549224882e-04
2.233285451168711550e-03 -2.815868623843867857e-04 -5.442098479777009168e-03 8.352371909909280011e-04 8.253994411014671908e-04 7.994983478830699477e-04
-9.925561452840320209e-03 -3.455022956429041193e-04 7.809315699073834244e-03 6.418352587568442900e-04 6.984598424012570562e-04 6.335738144590473105e-04
-4.832412530204736184e-02 -3.091497937848286027e-04 4.750511188694985648e-02 1.087264757903860226e-03 1.203370869257281220e-03 1.067096398566528322e-03
-3.636394657833423583e-02 -1.002778453971172218e-04 3.818486097273446345e-02 7.954290630614951028e-04 8.452105574668192277e-04 7.828311642495201263e-04
0.000000000000000000e+00 0.000000000000000000e+00 0.000000000000000000e+00 1.264911064067351931e-01 1.264911064067351931e-01 1.264911064067351931e-01
-1.650808645131691954e-02 5.547747571849029509e-04 1.954965342360213271e-02 5.600536563458845696e-04 6.095834826812926346e-04 5.927561714026939599e-04
-7.243939785386926955e-03 -8.354452092670030128e-04 8.750964503117519833e-03 1.107560883652179478e-03 1.050699213517781354e-03 9.993630863305267859e-04
7.493141859799559712e-03 -1.293700541896680798e-03 -7.034169440639080617e-03 1.768987210318090060e-03 1.880914209410686731e-03 1.930614102017526356e-03
2.413393522530341354e-02 -2.196337305939220601e-03 -2.651581621777108697e-02 4.301674982597993545e-03 4.724637560529299472e-03 5.122601993230085048e-03
1.242569291609513238e-02 1.238883683592687370e-04 -1.221860712117036479e-02 1.915990052941403008e-03 2.159554273935352427e-03 2.345546916556656095e-03
-8.413939033027957592e-03 3.828576051046929038e-03 1.014569004998765872e-02 2.361720635173365172e-03 2.510056665148319328e-03 2.601382982533765025e-03
0.000000000000000000e+00 0.000000000000000000e+00 0.000000000000000000e+00 1.264911064067351931e-01 1.264911064067351931e-01 1.264911064067351931e-01
0.000000000000000000e+00 0.000000000000000000e+00 0.000000000000000000e+00 1.264911064067351931e-01 1.264911064067351931e-01 1.264911064067351931e-01
-1.597638236449925447e-02 -1.927051716699552508e-03 1.660994912372871710e-02 2.258221552909479846e-03 2.373328955660018637e-03 2.723266650232348662e-03
-7.307087275502303567e-03 -4.818557908494260078e-03 5.526651923117782347e-03 6.328163747838469466e-03 6.761989420552047547e-03 7.529055397355680253e-03
7.405129197036404431e-03 -3.031661961293563145e-03 -8.668393995246350542e-03 2.992193865016105382e-03 3.305019748366711235e-03 3.604513479347290755e-03
4.178664818682220616e-02 8.782521370284254378e-04 -4.511412992411027029e-02 2.865709926512338777e-03 2.957605283265902791e-03 3.481237430312486905e-03
2.075878516716832267e-02 3.201791926144454802e-03 -2.017678089714250445e-02 2.375591315688966535e-03 2.619342106906253579e-03 2.912832823510501726e-03
9.883353566665240009e-03 4.677786018947615795e-03 -1.127163042879038291e-02 3.289389643187574583e-03 3.452880732988909337e-03 3.686671481860239949e-03
-7.815971616181876039e-03 1.465791178859970597e-04 9.349131931804222431e-03 1.269567478786319276e-03 1.316765370016470061e-03 1.587349661093894306e-03
-3.009023369091880229e-02 -2.154851726462023945e-03 3.131720158773562690e-02 6.064165107058662983e-03 6.596102717350557816e-03 7.405882125293713689e-03
-1.557858358318707503e-02 -1.319098801059614577e-03 1.711534539695924034e-02 3.659741125693662719e-03 3.915008082315167906e-03 4.469324704869145903e-03
1.052076608684187481e-02 1.369295835229520611e-04 -8.365547501006780420e-03 8.527905509770359943e-04 9.862302760740295719e-04 8.472947293934175814e-04
1.582639074329062964e-02 3.000363505448639816e-05 -1.789157908902348770e-02 1.250274109869593028e-03 1.354245635490005902e-03 1.551097561092358535e-03
4.337841053605524799e-02 -9.447310002042681124e-05 -4.620606069366926805e-02 2.552058075272325543e-03 2.703230290950708881e-03 3.213400469370784364e-03
1.501102922320050187e-02 -1.864443980031365656e-03 -1.521771474610574167e-02 8.811428135121631387e-04 9.751988181717726649e-04 1.004208908109716688e-03
-2.020276211718258913e-03 -4.285451412075668744e-03 -3.322143355443440364e-03 4.296014883026659514e-03 4.748850531970653932e-03 5.272967426137476800e-03
-1.264059039819134291e-02 -3.548625979293428597e-03 1.117330267318857213e-02 2.713029697791523830e-03 3.022967874330375129e-03 3.353216721113598531e-03
0.000000000000000000e+00 0.000000000000000000e+00 0.000000000000000000e+00 1.264911064067351931e-01 1.264911064067351931e-01 1.264911064067351931e-01
-1.642733644000559518e-02 7.589338979892887695e-04 2.079106182866267624e-02 6.877710967333625297e-04 7.176300518038719817e-04 6.794051911145385873e-04
-6.713263935141351203e-03 1.024251133120167561e-03 9.755079355305317987e-03 9.030995658675919141e-04 1.058781217948068405e-03 9.537910725318570968e-04
9.221775252811604748e-03 2.598390318381775706e-03 -8.132458480428012004e-03 1.965015616272658416e-03 2.293782478201395868e-03 1.795856916431986259e-03
2.662805094029640010e-02 1.647406017681618019e-03 -3.286164173670237665e-02 5.158073413281158426e-03 5.785482456661510467e-03 4.461153630517952773e-03
1.430402951402055291e-02 1.149217752623152723e-03 -1.612530350855247499e-02 2.343232910889353308e-03 2.654174670632668352e-03 2.132957700706991557e-03
-7.870137617325996884e-03 6.619760571887163200e-04 1.176654503090753499e-02 2.537387356238800067e-03 2.871090481315802505e-03 2.272262442012509646e-03
-1.444377126654284617e-02 2.503819027060278073e-04 1.702181926503546980e-02 1.651940203551740529e-03 1.940132386076016220e-03 1.490423530277880035e-03
-4.190379963930472573e-02 -2.566572547804098561e-04 4.533766547163748523e-02 1.093074760136058350e-03 1.142858082167601567e-03 1.051549006973395749e-03
-1.601740086858518056e-02 9.351509104357072283e-04 1.484763781136533983e-02 2.441366567379686572e-03 2.685929333917945472e-03 2.186635802759894290e-03
0.000000000000000000e+00 0.000000000000000000e+00 0.000000000000000000e+00 1.264911064067351931e-01 1.264911064067351931e-01 1.264911064067351931e-01
0.000000000000000000e+00 0.000000000000000000e+00 0.000000000000000000e+00 1.264911064067351931e-01 1.264911064067351931e-01 1.264911064067351931e-01
4.114028725201795272e-02 -3.081566312510913407e-03 -4.220116299678026289e-02 3.000725111228935444e-03 3.184990292254575098e-03 2.743729444390918034e-03
1.937606916514310676e-02 -1.101685300519449854e-03 -1.783733852633884523e-02 2.682532245677448062e-03 2.978493072321208076e-03 2.421964774480939425e-03
0.000000000000000000e+00 0.000000000000000000e+00 0.000000000000000000e+00 1.264911064067351931e-01 1.264911064067351931e-01 1.264911064067351931e-01
-6.507189632285713399e-03 2.147428971394542332e-03 7.756785092860127989e-03 1.267309961811261812e-03 1.351290931591033482e-03 1.202528908609232575e-03
-2.735132437837597269e-02 4.986256940997317935e-03 2.404447664777590449e-02 6.591451608826659134e-03 7.214123414904058396e-03 5.852491897246533611e-03
0.000000000000000000e+00 0.000000000000000000e+00 0.000000000000000000e+00 1.264911064067351931e-01 1.264911064067351931e-01 1.264911064067351931e-01
1.008071537950091211e-02 9.978114351689735336e-05 -8.071000969562773866e-03 7.194000179616128051e-04 8.768697757014792425e-04 8.611588600859374724e-04
1.654516122038295761e-02 -2.628560079095634177e-05 -1.562004659620486180e-02 1.229191225168462789e-03 1.305403209903037778e-03 1.197819933935410268e-03
4.148995131327760238e-02 -2.401628686122490256e-03 -4.443669752080002533e-02 2.891567629996654506e-03 3.024311066291032572e-03 2.606232712864634069e-03
1.488255680251553657e-02 -9.308831147864850839e-04 -1.764354230836961968e-02 7.289037969756917510e-04 8.723916176677300356e-04 7.471037280942316536e-04
1.673202964102081091e-03 1.778947554288876857e-03 -9.130975611737117068e-03 4.356478917077537608e-03 4.852014859121130119e-03 4.026307919072704029e-03
-1.012627167690008032e-02 1.957790413976667233e-03 7.199830139279054381e-03 2.863143918599952466e-03 3.082019897347593011e-03 2.618258329966236236e-03
-4.139682992108165843e-02 4.636831086442270229e-04 4.352408521986292356e-02 1.265052585985390870e-03 1.365123717377809270e-03 1.219775432511188955e-03
-1.850033264929987903e-02 -2.081790774896376316e-04 1.990720181784040588e-02 5.505060683651548771e-04 5.899456967882468154e-04 6.049986485876701538e-04
-1.389083079691809212e-02 -4.152519358387041096e-04 1.429253547714414568e-02 6.026070578586242626e-04 6.574293551697074026e-04 6.187374853263317032e-04
9.256129433160792050e-03 -5.152544798864175336e-04 -8.521545922731922282e-03 6.112934914048948065e-04 6.387800336379130181e-04 6.393380299367584048e-04
2.001707773278853242e-02 1.118416334761776140e-03 -1.674736458651404636e-02 7.854047612955544462e-04 7.938347797548081291e-04 8.167683887785968239e-04
2.171641741563225605e-02 2.629549538673479859e-04 -2.142855322124289849e-02 6.168641460796745694e-04 5.892999028385382480e-04 5.638801167766044472e-04
3.849131795793955813e-02 9.115720383698855357e-04 -3.919680900042046834e-02 8.514000332326238877e-04 8.723598090473370058e-04 7.713791887147907443e-04
2.055123250128977619e-02 3.900998863549317181e-05 -2.157864039354289235e-02 5.508524052476063094e-04 5.772822695467074708e-04 5.456947663009976968e-04
1.550681454845724561e-02 4.238940498279064129e-04 -1.780568871415352458e-02 6.960538767365557220e-04 7.735369938969672383e-04 7.119849309938951817e-04
-1.335278094040923992e-03 1.391283336035671343e-04 -1.274570569173320064e-03 5.050560985236904376e-04 5.512494690129066035e-04 5.739173338182893772e-04
-2.128683401109031717e-02 -1.146709757732356123e-03 2.041416516640742057e-02 1.132611914114315440e-03 1.237248092848200302e-03 1.105164637600118812e-03
-1.999953560251833268e-02 4.696242175774912090e-04 2.160834462778327483e-02 9.167332504233520647e-04 9.066602358567888483e-04 8.002901256628914932e-04
-4.837826839264153939e-02 -4.101513387254314760e-04 5.123870865986205475e-02 1.069691808280917459e-03 1.104049868585044126e-03 9.808162578394141219e-04
0.000000000000000000e+00 0.000000000000000000e+00 0.000000000000000000e+00 1.264911064067351931e-01 1.264911064067351931e-01 1.264911064067351931e-01
0.000000000000000000e+00 0.000000000000000000e+00 0.000000000000000000e+00 1.264911064067351931e-01 1.264911064067351931e-01 1.264911064067351931e-01
-2.016773818758443339e-03 2.039743995207180449e-04 4.882419666007087843e-03 5.194449069797972378e-04 5.977135988176608640e-04 5.558239454356206279e-04
2.110324195938750175e-02 -8.674495499485387028e-04 -1.935334914978671314e-02 1.010214570114083277e-03 1.166296147575587210e-03 1.134070206177156554e-03
1.578584183823474041e-02 9.697148637640692686e-04 -1.538821818057791065e-02 1.735944758780560851e-03 1.929656935480815504e-03 1.920022541308327767e-03
2.085297405449051608e-02 7.614802516149890782e-04 -2.331901403366948289e-02 4.286936464388410410e-03 4.891572235752360623e-03 4.973169509399844729e-03
3.284672392342020616e-03 1.400651552464426790e-03 -5.593667729802729617e-03 1.953600991051567849e-03 2.198297209880456429e-03 2.209084969804121605e-03
-3.393085507562153963e-02 3.518616263101890119e-04 3.327267071687761701e-02 2.282403878139660069e-03 2.631115330576663108e-03 2.650067114873577972e-03
-2.293334723043398762e-02 -2.993997307503490639e-04 2.364125973501963671e-02 1.407444836933167834e-03 1.665705064978016420e-03 1.670462736622655396e-03
-3.562508317058283441e-02 8.959233387148749081e-04 3.784828592347200954e-02 8.855610085927080209e-04 9.569483873396300968e-04 9.182428205993736032e-04
-4.305593988107571379e-03 1.230489282283072326e-03 6.361861633353962930e-03 2.246673414218672629e-03 2.504031002780215606e-03 2.527808195036690235e-03
1.460030593532873552e-02 1.042413345853830610e-04 -1.578446764945356379e-02 6.202447201855126185e-03 7.196113591930447875e-03 7.089175784517347430e-03
1.667076330013468957e-02 9.863786773260587327e-04 -1.595539335653000171e-02 3.030706519703944574e-03 3.408428011484541855e-03 3.481663633547420113e-03
2.279855996538916740e-02 -3.180334180920314910e-04 -2.597388903016605022e-02 2.800913102633578212e-03 3.183004965362401257e-03 3.152206008870312316e-03
2.407735669975672420e-03 -1.289640977781574775e-03 -4.462634838529867982e-03 2.418287246960554304e-03 2.754246468509100564e-03 2.714132003325929986e-03
-1.985778351949797974e-02 7.122575306213563100e-04 1.982862722512690468e-02 3.175637418819886142e-03 3.564839453533241980e-03 3.613934126821344295e-03
0.000000000000000000e+00 0.000000000000000000e+00 0.000000000000000000e+00 1.264911064067351931e-01 1.264911064067351931e-01 1.264911064067351931e-01
-1.993978627665219522e-02 1.689863205112685082e-03 2.193206546573996107e-02 6.138450270748439450e-03 6.954441919835778300e-03 6.990940510864650237e-03
-3.173023157839138970e-03 1.363009568384625485e-03 4.895577208671708300e-03 3.691358693535683796e-03 4.162566588015780521e-03 4.134949802037473504e-03
0.000000000000000000e+00 0.000000000000000000e+00 0.000000000000000000e+00 1.264911064067351931e-01 1.264911064067351931e-01 1.264911064067351931e-01
2.194452874639836806e-02 -6.030497262416323350e-05 -2.312595968538586760e-02 1.399389598794112616e-03 1.483687990013901831e-03 1.434053355800913926e-03
3.533110580283554958e-02 -4.701057978989736305e-04 -3.886508023429417064e-02 2.627687058256703359e-03 2.956587702003805017e-03 2.901214352174678792e-03
6.257376122569480864e-03 -1.007525278267672577e-03 -7.645557221033940157e-03 8.712980532297760067e-04 1.009274278557584226e-03 1.001376474939382963e-03
-1.441652370256376464e-02 1.916670873447004486e-04 1.278775346905847501e-02 4.395981089802895349e-03 5.000460347901109805e-03 5.032022778586295840e-03
-1.511693959364188850e-02 9.313681972464584423e-04 1.617686925927264152e-02 2.830271440793777002e-03 3.172658743124457011e-03 3.149226478490613646e-03
-2.176717628630770937e-02 1.350813503753685654e-03 2.794839017886719193e-02 1.107256718167391480e-03 1.235384461480253711e-03 1.110925885983586863e-03
-2.873520920574254914e-03 3.634951948093189875e-04 5.230677658183165504e-03 6.744865788085235370e-04 6.236998710446319504e-04 6.208325426157510320e-04
1.927733855926227341e-02 4.632380079106108994e-04 -1.747859212649686619e-02 1.068434342449473776e-03 1.031056371458258930e-03 1.026491199406961031e-03
1.182297266002135111e-02 6.909391730147517287e-06 -1.447411597406717335e-02 2.042949729858912957e-03 2.072279560179665896e-03 2.051603306503002166e-03
1.555541300833013403e-02 -1.614851479932004341e-03 -2.050438220227423364e-02 5.196883822658101594e-03 5.453291874476775582e-03 5.517820132844228342e-03
1.061586270546853146e-03 -6.772539063456618812e-04 -4.930665512579155210e-03 2.402801917668394380e-03 2.507032650910236051e-03 2.537192909296725769e-03
-2.823083127458201821e-02 2.142259973343674847e-03 3.150814268506016425e-02 2.569289013512406680e-03 2.547006937691889076e-03 2.661953049522105489e-03
-2.003855121341315687e-02 -3.573790558618581976e-05 2.204494460229875635e-02 1.693087070080081299e-03 1.728655389303776881e-03 1.754352633192013183e-03
-3.576653521996502744e-02 1.027558497338381012e-03 3.880990130641312486e-02 1.037700072900305274e-03 1.037689334807452004e-03 9.252312476735443172e-04
-9.516749290384485249e-03 6.254413558007884807e-04 9.514799409235245517e-03 2.402564128407369635e-03 2.529806601822508390e-03 2.573265365962964721e-03
5.206052098011813151e-03 -1.465486008925376282e-03 -1.143507934961905670e-02 7.035583778559472735e-03 7.338827391699604200e-03 7.444669257198179534e-03
1.141061627072784135e-02 -5.563383864186307887e-04 -1.490165914363162335e-02 3.428612337646299527e-03 3.598497686844113683e-03 3.653934973705245514e-03
2.894445334819889873e-02 1.076086630380992167e-03 -2.797593466315472302e-02 2.851405410638702728e-03 3.054215700420119788e-03 3.144993088000239048e-03
7.329129288001077179e-03 -9.655956485837488557e-06 -6.234851016023739215e-03 2.646072789719819233e-03 2.773556855949500018e-03 2.879831398326045122e-03
-1.330098462653374336e-02 2.541903411260075345e-03 1.645511300578034880e-02 3.622510133937986796e-03 3.726388758879072612e-03 3.864198606667437318e-03
-1.580346046801866383e-02 1.489659745814924958e-03 1.642012711251816456e-02 1.287060806455790629e-03 1.319102953559319995e-03 1.414911270765628485e-03
-3.175422225791202369e-02 4.216336873984567659e-04 2.606843321246007580e-02 6.495674245390332946e-03 6.831325856782791486e-03 7.011053613629586109e-03
-9.205620214761846623e-03 -5.349194932577822949e-04 7.660212907027379864e-03 3.998215502301849696e-03 4.126600974835351564e-03 4.255550026502561735e-03
3.189914903559455672e-02 -6.155318761671822085e-04 -3.044094703019383646e-02 1.040754239600962189e-03 9.229844765921126288e-04 8.764710560175694668e-04
2.419418321023511162e-02 2.874825720883268892e-04 -2.421623458859524514e-02 1.251658207654158085e-03 1.362849071238098715e-03 1.399068759844069665e-03
4.099465949063997583e-02 -1.374058799235316868e-03 -4.104552874555200681e-02 2.686628350085382491e-03 2.894164297204964483e-03 2.927316005829588234e-03
0.000000000000000000e+00 0.000000000000000000e+00 0.000000000000000000e+00 1.264911064067351931e-01 1.264911064067351931e-01 1.264911064067351931e-01
-2.035768678654272662e-02 -1.476027998097871328e-05 1.465663814715565533e-02 4.385273008438286824e-03 4.646909909902423655e-03 4.710956275514844964e-03
-1.991551884368632924e-02 -1.406194006485019703e-03 1.587589792374340114e-02 2.774741533848172105e-03 3.001622127323106716e-03 3.063449390162220880e-03
-2.672828453919718489e-02 -8.925455192303115379e-04 2.757052616709892989e-02 1.152249946426260651e-03 1.274744787777582064e-03 1.218762237222955009e-03
-4.706459794959938665e-03 -8.014391651895000270e-05 5.668771735508115750e-03 5.315754930720192548e-04 6.068616860182440452e-04 5.684291656110551042e-04
