4.481983572317691650e-03 -3.052380688306392071e-04 -3.066147261622873075e-03 4.786101527586281482e-04 4.911451629968868358e-04 4.726499230913842084e-04
3.683856382897259581e-03 -2.154138608533165151e-03 -2.415764223569281943e-03 4.808263481502597679e-04 5.096112930442227686e-04 5.289094782564469650e-04
0.000000000000000000e+00 0.000000000000000000e+00 0.000000000000000000e+00 1.264911064067351931e-01 1.264911064067351931e-01 1.264911064067351931e-01
-3.187162029237836872e-03 8.678119505795402287e-04 3.726386415273590189e-03 5.108757863526964356e-04 4.865122969057495859e-04 5.035047851232491789e-04
-2.331333835427993814e-03 -1.890098785021932383e-04 1.170158748386993788e-03 3.865287430754107425e-04 4.046914754219848123e-04 4.017914840022100307e-04
-2.737250714181709531e-03 1.409104619147973341e-03 1.933660228642102019e-03 4.827333913934773622e-04 4.488608760167342318e-04 5.044795552430958105e-04
1.001902664164760776e-03 1.061932634065117925e-03 4.852092953613854238e-04 4.150771181825078037e-04 4.322967786238030019e-04 4.261381090447811850e-04
2.927244211760618876e-03 3.896156341355376486e-04 -2.666793304057974313e-03 4.834774157874404538e-04 4.821263576006213540e-04 5.261092604355037568e-04
0.000000000000000000e+00 0.000000000000000000e+00 0.000000000000000000e+00 1.264911064067351931e-01 1.264911064067351931e-01 1.264911064067351931e-01
3.341413178425994140e-03 -2.026844516373828547e-03 -3.473013986404992464e-03 4.420257197652278577e-04 4.077942969636521881e-04 4.444349329799875451e-04
5.882132468359494402e-04 -7.958093434214795914e-04 -1.325630381981879671e-03 6.613448083939157344e-04 6.492170318001339252e-04 6.474818846077372032e-04
3.581632891060154873e-03 -1.250547727860999410e-03 -3.474177388907700916e-03 5.922943184871042478e-04 5.689305993660795976e-04 5.590977425504540035e-04
4.660522145094197349e-03 -8.489836698618188860e-04 -4.160736047939056319e-03 5.462149927598651446e-04 5.092545154698031266e-04 5.599890746132594674e-04
4.424927857526190188e-03 -3.923565276049109955e-04 -6.415333317134304554e-03 4.850690850395719829e-04 4.876118348583988204e-04 4.645401555428610831e-04
1.419059857275290978e-03 -1.533542872000261267e-04 -3.151059743632879558e-03 4.102532382359685135e-04 4.032237910784695748e-04 3.819694377234886013e-04
-8.346465764180661419e-04 1.450655018112896946e-03 5.405593825438469949e-04 4.896328746632509429e-04 4.735739542594552824e-04 5.194066776912049455e-04
-1.816963836332683010e-03 -8.553694602701311742e-05 1.444821209437821465e-03 4.553937418771488604e-04 4.252331643100239330e-04 4.642316942548972854e-04
-4.181722336849822905e-03 8.234374370698210877e-04 5.648166782870527557e-03 5.121014027763789219e-04 4.647198071348742298e-04 4.827494109688586980e-04
-3.047447070665325157e-03 -8.675924041520133257e-04 2.401199880330696489e-03 4.427190800951929031e-04 3.869633426697420163e-04 4.200972863506590316e-04
-9.916637236250984769e-04 -1.947870242020476777e-03 1.000363614885322336e-03 5.095298214553211844e-04 4.914975697878999411e-04 4.829280158707941893e-04
6.645736619857621139e-04 -1.564524993749538467e-03 -1.617321754365662508e-03 4.284829332911694395e-04 4.607290257490993042e-04 4.486484629248802913e-04
5.816627190199269090e-03 4.347830155372814235e-04 -3.526910407491895116e-03 5.462869517784179002e-04 4.959012991355451995e-04 5.574347597212081333e-04
2.750609416724785535e-03 -5.752467867544134228e-04 -3.569143421350610100e-03 4.937267607692380749e-04 4.118265699429784566e-04 4.532412066804308057e-04
2.085687462941773155e-03 1.806849304275654497e-03 -2.688642076348689292e-03 5.264526470163496301e-04 5.046237432308844396e-04 4.944495267606134224e-04
-6.231318819058781532e-04 1.049891759908778976e-03 1.462060427725052911e-03 4.878747904801542185e-04 4.521087619986293988e-04 4.396362929520192817e-04
-5.157244791179534278e-03 8.786061819395542261e-04 4.308632801272760555e-03 5.648728888900113017e-04 5.413591456899373737e-04 5.443918340817042838e-04
-2.730283871433521279e-03 -4.583985968416482044e-04 3.328463036335573260e-03 4.984811641037087578e-04 5.415721075982572741e-04 5.042273562356186902e-04
-4.952365753742443699e-04 -1.696704711873386028e-03 2.007377283893285909e-03 5.089536704355445687e-04 5.479196484599325708e-04 5.128288752612153965e-04
-3.799592807916925491e-04 -9.198552922708581447e-04 4.779670965531974979e-04 4.968452571275047171e-04 4.960102113724515135e-04 4.576541299668654417e-04
3.447118198917643959e-03 -1.328957532243899746e-03 -3.824417692213030046e-03 5.391820993165363611e-04 5.304172584900369251e-04 5.389391905679173471e-04
2.108054927166747288e-03 3.147808079609584644e-04 -1.989796007805864301e-03 5.064884819287926963e-04 5.199692665541712135e-04 4.756427688611624782e-04
2.460357621587304453e-03 1.605653650292627544e-03 -2.841409207264261345e-03 5.739152046813949170e-04 5.544863475458991541e-04 5.349874535640279215e-04
-6.204711225210284139e-04 -3.834355872108662533e-04 -2.407026857333289908e-03 5.571667477492010974e-04 5.233401527664423595e-04 4.864140227071373944e-04
-4.473332063925165511e-03 4.299890806747240957e-04 3.640555287288817481e-03 6.064367682449759009e-04 5.734272955546994722e-04 5.802203512030956831e-04
-2.181238654555009860e-03 -8.526755025479909101e-05 2.733437394057427767e-03 5.106096394562346843e-04 4.862545950884030171e-04 5.109681342053420342e-04
-2.927919871468114433e-03 1.171173582799208242e-04 4.285032392202116520e-03 5.569605145533095816e-04 5.312198378675828071e-04 5.047180156167709259e-04
1.486881384093827066e-04 -2.787293100953542550e-04 1.519238382079188395e-03 5.875506235186198165e-04 5.210012078303191381e-04 5.421256481008511615e-04
3.938949322736379904e-03 -4.283792546087464661e-04 -2.792428648440527846e-03 6.441565772195513486e-04 6.117720798235707236e-04 5.912125038225468643e-04
1.908839017380942237e-03 -5.096147597845647210e-04 -2.029677390897749630e-03 4.648309712069207192e-04 4.486415581249140181e-04 4.875223161697904884e-04
2.514662148986809842e-03 7.861359889604385871e-04 -3.768197831676012820e-03 5.418708611297946018e-04 5.167225482634026177e-04 5.076706058402488415e-04
1.434481556143284674e-03 2.107245932380322358e-04 -1.895587279722759071e-03 4.810002697177176521e-04 4.516454592730996163e-04 4.558835049579038046e-04
-1.553761607834831370e-03 9.598035518323935408e-04 1.764456879161467769e-03 5.733075844979898354e-04 5.612334076413462002e-04 5.233484310000067119e-04
-1.658879793604874781e-03 -6.479937802542382009e-04 2.396243141988878278e-03 4.741893200285038834e-04 3.940679582111969188e-04 4.595574955820021712e-04
-3.991028158644428087e-03 -6.952553179830176129e-04 4.844713748782994434e-03 4.603544233706496317e-04 5.012558823600201567e-04 4.970970446415741298e-04
-1.639669491630587868e-03 -4.869228844214151569e-04 1.405164527429915476e-03 4.470111421955733294e-04 4.572792824406290415e-04 4.692597324137412289e-04
1.203603233387133542e-03 -1.964992772156358425e-03 -2.382705069589467154e-03 5.470877673990571979e-04 5.201264044207357107e-04 5.574595825279218993e-04
2.618651768516416789e-03 -1.056382735077530987e-03 -1.810890977152991663e-03 4.738577205520072750e-04 4.815819132730858685e-04 4.773915763029543298e-04
0.000000000000000000e+00 0.000000000000000000e+00 0.000000000000000000e+00 1.264911064067351931e-01 1.264911064067351931e-01 1.264911064067351931e-01
1.903535188957326818e-03 1.214645901405213150e-03 -1.308017812834617400e-03 4.345532419321557985e-04 4.119115757165870816e-04 4.578684530199458305e-04
-1.242897221463087638e-03 2.639032580168909365e-03 1.548641613788051975e-03 5.519619066924307807e-04 5.324410763725753986e-04 5.168079547138888785e-04
-1.356460370828147573e-03 2.327584738940560326e-05 2.063292886884640805e-03 4.560817599449960369e-04 4.714689196100145551e-04 4.646135317410701802e-04
-4.449715701452826300e-03 -3.227713748563624391e-04 4.405382020880404398e-03 4.810802255559797048e-04 5.168268680978164650e-04 4.495627791347325646e-04
-2.907323239472919645e-03 -9.104806485263746080e-04 2.049232482558290425e-03 4.161471747277679652e-04 4.448590825575598324e-04 4.200849995915896073e-04
-1.689519943944421980e-03 -1.136671820609627681e-03 7.258431612711356562e-04 4.902764795070335734e-04 4.549597408665061161e-04 4.406128187556412499e-04
1.215347158053740103e-03 -1.433744420467403333e-03 -7.269954878488309137e-04 4.292666104156083384e-04 3.961373183504755574e-04 3.999847437158335849e-04
5.039229260281773669e-03 -1.069456668687691252e-03 -5.300424052667752732e-03 5.087139708667246267e-04 4.794462254650693205e-04 4.800360993817036955e-04
0.000000000000000000e+00 0.000000000000000000e+00 0.000000000000000000e+00 1.264911064067351931e-01 1.264911064067351931e-01 1.264911064067351931e-01
8.327796189910720119e-04 1.697188642012168337e-03 -2.122474492005289491e-04 4.680340073179027247e-04 4.725591133102276286e-04 4.712771026375588059e-04
3.193390373135264275e-04 1.831959312529683097e-03 1.576824355767986359e-03 4.191529569569460325e-04 4.253479142529706576e-04 4.135220824302288643e-04
-3.865066065756007745e-03 1.971935354630815779e-03 4.479323090061656382e-03 4.547717797254680300e-04 4.174179501290277601e-04 4.793013848732848373e-04
-2.632495985365287516e-03 -6.179733291060703721e-04 2.016670657506229071e-03 3.667041485824803354e-04 3.419019019288406730e-04 3.817176298612933350e-04
-1.250485710351017122e-03 -2.667928922134668070e-03 1.751104131066151060e-03 5.186407636671340948e-04 5.229476904163392857e-04 5.276983974838675992e-04
-3.917219746203962007e-04 -1.639941841813655904e-03 6.250182671071627481e-04 4.173041654523385849e-04 3.942209204507075458e-04 4.143265560522412156e-04
9.371012703977396521e-04 -2.250668918418019960e-03 -2.264144448165628359e-03 4.462185439527419691e-04 4.706090931101186074e-04 4.792859180997296261e-04
1.148061478505280238e-03 -1.375498449944843275e-03 -1.961806348148915479e-03 4.492912547666171367e-04 4.763595709053220786e-04 4.962586054734434817e-04
3.460330845408966099e-03 5.051869657701803240e-04 -5.228509924704844054e-03 4.483774169132797986e-04 4.344997205618849278e-04 4.775484982983299554e-04
6.584609409190437775e-04 -2.043592933619755602e-05 -2.082879629754659599e-03 4.535707933634943487e-04 4.780349916273454063e-04 4.699672985316498213e-04
-1.598021011413619215e-03 1.725336661403491928e-03 8.691104182338159389e-04 4.365611464769225745e-04 4.289237172803673170e-04 4.204482072794144681e-04
-1.066913913705942567e-03 8.962030225713869640e-04 1.712799804541232556e-03 4.652389228737993871e-04 4.349890835724015410e-04 4.650184736696347503e-04
-3.194271011789207460e-03 1.271884930836592086e-03 5.025352339500886029e-03 5.502124477366671963e-04 5.463391968551763265e-04 5.369314746791402186e-04
-1.937001203903245244e-03 7.885641148579262917e-05 2.384057059399002833e-03 5.104759486677419448e-04 5.163647034059447695e-04 5.382697097859626091e-04
3.047947652662899489e-04 -1.272161987543982738e-03 1.810373300017960449e-03 5.504004286709114190e-04 5.870596698958167881e-04 5.761748283866625865e-04
1.860031873697640331e-03 -3.453629031754324374e-04 -2.481586615580313321e-03 5.161817878491330430e-04 4.925889221937893980e-04 5.023921051633184259e-04
4.664058863085449903e-03 1.327578286679888860e-04 -4.400274463520686269e-03 4.899563610850921069e-04 4.625858640404890087e-04 4.581792730728780224e-04
0.000000000000000000e+00 0.000000000000000000e+00 0.000000000000000000e+00 1.264911064067351931e-01 1.264911064067351931e-01 1.264911064067351931e-01
2.677463319152893501e-03 6.082110344940517069e-04 -5.646346434552130394e-03 5.080178873097891592e-04 5.375954778430702121e-04 5.191852111118358277e-04
9.989648091412090848e-04 1.628745709242074811e-03 -6.369685754767202227e-04 4.142394379605175724e-04 4.091135757413107035e-04 4.588849538603195126e-04
-3.939009628994459208e-03 3.530463512566743350e-04 4.496990864999820224e-03 5.288687423805688492e-04 4.969130157026238571e-04 4.901744002087100437e-04
-1.709412576224460288e-03 1.628231704976670739e-03 3.549748486455648472e-03 4.853535016823109279e-04 4.703341612125128894e-04 4.765523768463784710e-04
-5.070646124079527736e-03 -6.600455490022472550e-04 5.009291259305888311e-03 4.925131522203953383e-04 5.032351435433615391e-04 5.493020474822707128e-04
-8.654478246732916604e-04 -3.145428400709875030e-05 1.557207259748127426e-03 4.564127754782141481e-04 4.629973459991452815e-04 4.277803661884593302e-04
0.000000000000000000e+00 0.000000000000000000e+00 0.000000000000000000e+00 1.264911064067351931e-01 1.264911064067351931e-01 1.264911064067351931e-01
0.000000000000000000e+00 0.000000000000000000e+00 0.000000000000000000e+00 1.264911064067351931e-01 1.264911064067351931e-01 1.264911064067351931e-01
3.027439103231121826e-03 7.958590401935393584e-04 -5.441915519289109403e-03 5.149974155049359074e-04 5.899321204057148471e-04 5.820965388240987746e-04
1.609388141954009753e-03 6.175886845478852517e-04 -2.783887317878815798e-03 4.866236872761223447e-04 4.839629114394115189e-04 4.505874622328571479e-04
-3.176219533575284741e-04 1.372883694962175570e-03 7.298152215568723270e-04 4.985512664004604659e-04 4.954585823881218305e-04 5.174117223224687211e-04
-1.648111184713286397e-03 8.678896140010208956e-05 2.308049494838680833e-03 4.654204612750929100e-04 5.309343316815310319e-04 4.725794182177669935e-04
-4.040616914525050653e-03 6.905677798234300096e-04 7.325153449649871203e-03 5.818315031256986484e-04 5.521082469322009714e-04 6.266816925697565616e-04
-9.783135173044405723e-04 -8.226443260028658494e-04 1.446541807716748059e-03 5.161591808602500374e-04 5.209830621188758348e-04 5.124800242712644139e-04
2.541088095376991835e-03 -2.223259555458260983e-03 -2.082298340891050419e-03 5.297387401951272803e-04 5.987819013716232271e-04 5.158687668815863927e-04
2.434902640248237746e-03 -1.307907156750490922e-03 -1.931765736706072666e-03 5.009598652040411553e-04 5.185152824291997019e-04 4.946491727909122210e-04
4.323879158255191160e-03 -1.662132072275527769e-03 -6.563996222502104308e-03 5.507327977366305088e-04 5.869278220346081350e-04 6.126829551055911057e-04
1.500230841883911509e-03 5.037129316712888824e-05 -2.810622838653703374e-03 5.331673963735756444e-04 5.243831005172353878e-04 5.360894230046040106e-04
-6.509925428428627600e-04 1.314550814525196039e-03 -9.725440865969578940e-04 6.168055577880500158e-04 6.067032739974126442e-04 6.085485807108077707e-04
-1.254829979853019526e-03 7.387308228369792677e-04 1.995852245010332551e-03 5.096289851615108885e-04 4.859097983529081684e-04 5.076921247515365923e-04
-4.079328486111886976e-03 1.571409941171739676e-03 5.396714250774545599e-03 5.657797911399911703e-04 6.238763894515636510e-04 6.433205767637831772e-04
-2.835875105275911540e-03 5.494563407909200392e-05 4.098791364000088817e-03 5.241334646221216783e-04 5.184873511542269914e-04 5.931884017542213890e-04
-1.374134371639816957e-03 -6.168379373004791643e-04 2.676153008132160435e-03 6.428791940799893391e-04 6.226452044811403661e-04 6.047300991302620964e-04
0.000000000000000000e+00 0.000000000000000000e+00 0.000000000000000000e+00 1.264911064067351931e-01 1.264911064067351931e-01 1.264911064067351931e-01
5.220332911852154818e-03 -7.860426927447286940e-04 -5.699183903000368083e-03 6.492160044862414423e-04 5.733550507978496524e-04 5.941909082810961423e-04
1.469578648078253636e-03 1.102894897688257592e-03 -3.302033525499774996e-03 5.411887161507734044e-04 4.889385283920727856e-04 4.895053338227673854e-04
1.995101293673835242e-04 1.207581246000498940e-03 -8.882173321274476792e-04 5.963062415274172131e-04 5.373095534496811869e-04 6.154540688724697726e-04
-7.826708434306171901e-04 8.937036262935665193e-04 8.633238683080038823e-04 5.096327891506342595e-04 5.057433606094787057e-04 5.028381154769459571e-04
-4.540627904576488572e-03 1.693149998661367436e-04 4.940798315324129372e-03 5.410673356879286281e-04 5.639340744775512811e-04 6.169893255776044520e-04
-1.648508561943444169e-03 1.404643861703036090e-04 3.332987776999880164e-03 4.668356496388173754e-04 4.822645116315593737e-04 4.928317531486709228e-04
-9.312193547664026185e-04 2.030354923922065267e-04 3.670397814436001001e-03 5.450039304938644269e-04 5.492929902314065823e-04 5.643498462594523932e-04
5.238604384195799527e-04 -1.285237274007240346e-03 -6.224879653134441065e-04 4.932019169079597922e-04 4.834868098762584352e-04 4.971720147902336431e-04
3.445323761363243854e-03 -1.845794063711176736e-03 -5.440262536699160337e-03 5.701277852905360741e-04 5.360526886524912297e-04 5.936829275720718847e-04
0.000000000000000000e+00 0.000000000000000000e+00 0.000000000000000000e+00 1.264911064067351931e-01 1.264911064067351931e-01 1.264911064067351931e-01
0.000000000000000000e+00 0.000000000000000000e+00 0.000000000000000000e+00 1.264911064067351931e-01 1.264911064067351931e-01 1.264911064067351931e-01
-1.196214116131460862e-04 1.183567320255807936e-03 3.197687392624833064e-05 4.313386912645313163e-04 4.197531288617282314e-04 4.816781218794174524e-04
-3.526518719980988644e-03 2.112674705313703424e-03 4.869362619201431791e-03 5.315009449682991027e-04 5.050504552977514838e-04 5.156404165583054712e-04
0.000000000000000000e+00 0.000000000000000000e+00 0.000000000000000000e+00 1.264911064067351931e-01 1.264911064067351931e-01 1.264911064067351931e-01
-2.546054187037833857e-03 -1.675402026578124782e-03 2.511894196717835790e-03 4.880397348666534307e-04 4.620604444558108911e-04 5.326286713520352132e-04
-2.808377245358602715e-04 -1.722386428645779040e-03 -1.539114095980276796e-04 4.511071656958904556e-04 4.587762410505424686e-04 4.515865181382164913e-04
0.000000000000000000e+00 0.000000000000000000e+00 0.000000000000000000e+00 1.264911064067351931e-01 1.264911064067351931e-01 1.264911064067351931e-01
1.049827524037401068e-03 -7.725411567261580544e-04 -2.818254984958406140e-03 4.038361142491950933e-04 4.171376446307852623e-04 3.927756698062053928e-04
3.183289441577293565e-03 9.497855636796176046e-04 -5.213787382544742520e-03 4.874685323108485734e-04 4.852727957036613517e-04 5.138776003236586627e-04
-1.841127797023241100e-04 -2.374212448462815442e-04 -5.175598945512165311e-04 3.720883345876116509e-04 4.002861581614709763e-04 4.229943620081233436e-04
-4.287435825102043144e-03 1.256355288854532105e-03 4.470587269688456288e-03 4.646355060777897271e-04 4.713067874362315661e-04 4.855509105304977994e-04
-2.815625350090235433e-03 6.348062494658525097e-04 2.580889316592127787e-03 4.493216896703212623e-04 3.936276982016080378e-04 3.951631679231880747e-04
-3.984146547021683200e-03 7.435178882422926148e-04 5.868294034673432989e-03 4.398525256453730565e-04 4.500544539235928031e-04 4.983194829165789016e-04
-8.527781039429451794e-04 -6.391184807114377127e-04 9.853754018426402490e-04 3.716157107060882718e-04 3.851416107840947736e-04 3.819368173736215153e-04
3.200660802473118040e-03 -4.253019273524574653e-04 -2.342785127119409189e-03 4.383615599086707103e-04 4.816319368834812739e-04 5.151569362740526575e-04
2.462368891321638827e-03 -8.383998566678276931e-04 -2.640666549081967674e-03 4.663346325578000828e-04 4.787868507571755704e-04 4.701314770249344615e-04
4.061874828155673418e-03 -4.130078807521582289e-04 -5.314232412991874537e-03 4.447048380272750458e-04 4.622386215092379701e-04 4.443269468530436036e-04
3.667835330874348251e-03 -8.774676344320363587e-04 -3.694926865043059172e-03 4.250281602526298887e-04 4.156610429577328606e-04 4.485667831356611522e-04
1.378665858304429538e-03 1.683337215453703734e-03 -1.147168553427207116e-03 4.588878673255387540e-04 4.620966064623637827e-04 4.514979552024778013e-04
-1.323822807352155939e-03 6.144175358156471912e-04 -1.395431951308607582e-05 4.200753580436508857e-04 3.870125381425806822e-04 3.788383227782543138e-04
-3.857957851699432734e-03 1.716299997619635028e-03 4.373142131853321665e-03 4.360983082895988710e-04 4.332667236348415238e-04 4.218416038193038039e-04
-2.190203176675924700e-03 8.033459161809211818e-04 2.871644660124623820e-03 3.772175786514352027e-04 3.730193061801371124e-04 3.993459441418407778e-04
-3.086114415421535757e-03 3.032442542580123077e-04 2.982417789667697345e-03 4.634456358065516053e-04 4.816127620828336022e-04 5.366345616871155732e-04
2.149789728682608325e-04 -1.126584281715310178e-04 1.550201944622488920e-03 4.608996970830234858e-04 4.280577132144465112e-04 4.513288019427687823e-04
2.751847185248510082e-03 -2.620212753785206364e-03 -4.707534360759205692e-03 9.309673266339135939e-04 9.485488847634326696e-04 9.198433046058003765e-04
1.491006330976123477e-03 1.326344291063647710e-04 -1.631187350285904754e-03 4.311326751127659077e-04 4.080590345020554052e-04 4.477254989207561089e-04
0.000000000000000000e+00 0.000000000000000000e+00 0.000000000000000000e+00 1.264911064067351931e-01 1.264911064067351931e-01 1.264911064067351931e-01
0.000000000000000000e+00 0.000000000000000000e+00 0.000000000000000000e+00 1.264911064067351931e-01 1.264911064067351931e-01 1.264911064067351931e-01
-7.993365953292185314e-04 4.870750378279145284e-04 3.290835875719436620e-04 5.321832556598612117e-04 5.768181636180751354e-04 5.738098188342758777e-04
-3.951664500684708451e-04 1.350865008902361625e-03 2.344861209709132172e-03 4.393934543189528460e-04 4.074173081335872551e-04 4.216646458939609082e-04
-2.720431650908719436e-03 2.078138169327465451e-03 4.066127443683031396e-03 5.097541790824821999e-04 4.883231562751447685e-04 4.624241460209425870e-04
-2.295881086349321407e-03 1.218382213918354226e-03 2.250276679270864656e-03 4.760941028978438226e-04 4.275509065197598225e-04 4.516462683884723541e-04
1.151657566455289517e-03 1.932742629712062756e-03 1.344375024350597360e-03 5.079298285766076703e-04 5.009446994052560616e-04 5.464898465663842056e-04
4.885554522855093925e-04 -8.282796249972741113e-04 7.199389845513972687e-05 4.066434062866488989e-04 4.252890802197314382e-04 4.196090986702866090e-04
3.436848740998166632e-03 -9.850610329386843525e-05 -3.568370729637967628e-03 5.177961962196717506e-04 5.113517801599589373e-04 4.934860783734580170e-04
2.864843179845791960e-04 -1.702508535055512846e-03 -2.076982273967643931e-03 4.776441665060077624e-04 4.211953702098578003e-04 4.490966471804802790e-04
6.467760552280198052e-04 -6.240365706473940434e-04 5.380524199294546171e-04 6.215940111662982990e-04 5.523993491700622972e-04 6.398315839849367907e-04
8.172322317748491891e-05 -3.639390670093830952e-04 -6.859259030643214457e-04 9.084883117471522287e-04 9.899226399956058409e-04 9.784235777888180587e-04
-3.079196212181281415e-03 2.786110560623054119e-04 3.310830041361444067e-03 5.115685412163746733e-04 4.915120101164141553e-04 4.990834124615827838e-04
-1.522907017360815686e-03 4.700348574659569956e-04 1.444932350779580196e-03 4.294249340401286351e-04 4.541541949039462427e-04 4.766855177257007647e-04
-1.736154975386870400e-03 1.798246768800034140e-04 1.138554710079939898e-03 6.512871100612141169e-04 5.907171129151308478e-04 6.573296068947721837e-04
1.973238404315145642e-04 5.102431412293056620e-05 -1.044186946592396597e-03 5.498947834212100563e-04 5.421468165855662788e-04 5.387338569044976700e-04
0.000000000000000000e+00 0.000000000000000000e+00 0.000000000000000000e+00 1.264911064067351931e-01 1.264911064067351931e-01 1.264911064067351931e-01
2.080446445573225570e-03 -1.736269851831929783e-03 -2.618786383825609868e-03 5.144600980256742789e-04 5.160848303071539651e-04 5.158171517895771213e-04
2.580164513509150374e-03 -1.324767147635970421e-03 -2.477809993448188818e-03 5.212162639279265160e-04 5.558597669557772264e-04 6.435106561606084019e-04
0.000000000000000000e+00 0.000000000000000000e+00 0.000000000000000000e+00 1.264911064067351931e-01 1.264911064067351931e-01 1.264911064067351931e-01
-3.768917132022983792e-03 6.592989567896172633e-04 4.189284387229719360e-03 6.117828911738058166e-04 5.753803954334049979e-04 5.552451644476387753e-04
7.681924132345520795e-05 1.516327110076233107e-03 2.901131204640763472e-03 5.151332812561835745e-04 5.236649131297048442e-04 5.002225160391447203e-04
-1.256240316756258206e-03 2.116558614004652832e-03 2.188863456267755008e-03 6.123610308223399745e-04 5.678578864595609831e-04 5.971365578522660729e-04
-2.164483123341880795e-04 1.351271586171590242e-03 4.533800825755106376e-04 5.848190435938878167e-04 5.497590670047836992e-04 5.438367635977162150e-04
1.654477161757423112e-03 -6.841137942753489163e-04 -3.126959257713970292e-03 6.245679868029914514e-04 6.253898526110764251e-04 5.760350631062628604e-04
2.257057200179640472e-03 -9.218066879745265806e-04 -1.759763626756633264e-03 5.075862366781237972e-04 5.211431148178509269e-04 5.344351236171050387e-04
3.133925185272849658e-03 -2.011516506061994912e-03 -1.975237749590923533e-03 6.571396109018202850e-04 6.004802563940938058e-04 6.870589285607677128e-04
-1.390079124071658774e-03 -1.475014404785336295e-03 -7.182397774751426078e-04 5.768535270204080013e-04 5.708481133668797877e-04 5.676737550345778123e-04
-3.453617654552376681e-03 4.912644451145337099e-04 3.867516008088374251e-03 5.868556635534471653e-04 6.154910958940188739e-04 6.617278271551409055e-04
-2.088624319037994670e-03 4.691323363943930748e-05 2.179871501932399182e-03 5.584771323108475398e-04 5.585876082060027429e-04 4.904415187882781675e-04
-2.077891406106572962e-03 2.251468720773806484e-03 4.998396524539586681e-03 6.376752334751210546e-04 6.032665810267820060e-04 5.607080994358475080e-04
-1.048453334668978049e-03 6.140411685033246407e-04 5.392067508373186166e-04 5.868398529333940759e-04 5.381160483124074016e-04 5.890231467902158754e-04
2.206298166923879867e-03 3.671435955196149085e-04 -2.921710261727326549e-03 5.791018967973191826e-04 5.706915417482825341e-04 6.504260536303260471e-04
8.187182381624508783e-04 -1.615793129328664340e-04 -1.302410782568992186e-03 5.156022103896061148e-04 5.113545056322015784e-04 4.946677428182476256e-04
2.458619662482733163e-03 -1.066597635660338460e-03 -3.394132567104695027e-03 5.926213651527919993e-04 5.540372152835592711e-04 6.229784019976473530e-04
6.497034007388512384e-04 -9.127159615840570953e-04 -9.532683834666193061e-04 5.951863895905664488e-04 5.258786805707377004e-04 6.009076790965817280e-04
-1.555983769128039022e-04 -2.500233717971056774e-04 5.949780622589236241e-04 6.364493205236008023e-04 5.802989060070113097e-04 6.119066838376256917e-04
-1.091248280885504483e-03 5.001983445235241681e-04 1.416393819132972989e-03 5.347977273953475642e-04 4.805255840866237780e-04 5.191622129885520211e-04
-2.595234470423763828e-03 3.387286954796086581e-03 3.410283961435802563e-03 5.872097787279003007e-04 5.607858977967632077e-04 5.405902546719713094e-04
-1.219933799786233853e-03 3.569097770316002308e-04 4.833352743789339542e-05 5.276105148369250163e-04 5.075024312907037332e-04 6.002114677585374328e-04
2.072601713579982300e-03 9.943576101973682947e-04 -2.896502283983358548e-03 5.844393687251666844e-04 5.577484844679942051e-04 5.660254706595521873e-04
1.638221032817526292e-03 5.912038178995323873e-04 -2.235489497359394347e-03 5.250750057395746784e-04 4.840903044348412771e-04 4.918614820559518092e-04
4.669870370292669368e-03 -8.714320911368850404e-04 -3.090122758345825206e-03 5.599624526138514578e-04 5.265431739603531518e-04 4.972916287551187907e-04
1.461874322274533825e-03 -1.290014603009941160e-03 -5.652221522121638701e-04 4.147990073411040538e-04 4.733127404334827397e-04 5.294287307350787567e-04
-5.482035240028098212e-04 -2.167514246906617707e-03 1.061539658724390371e-03 5.630049222070668746e-04 5.744722364309270534e-04 5.490459830778225562e-04
-5.916022236086033049e-04 1.450636013248182222e-03 2.788017212201055178e-03 5.244381200557714316e-04 5.169346859625732369e-04 5.025819324373211397e-04
0.000000000000000000e+00 0.000000000000000000e+00 0.000000000000000000e+00 1.264911064067351931e-01 1.264911064067351931e-01 1.264911064067351931e-01
-2.159119434821427271e-03 3.846338314048189074e-04 2.149370912635915464e-03 4.607192468695399520e-04 4.699717722948704331e-04 4.457960316526047304e-04
-1.223547141433539752e-03 1.340953180898255990e-03 1.139966085216067128e-03 5.256220070321491718e-04 5.084837713642909127e-04 5.584833183404936405e-04
2.480657559639057905e-04 -8.658145376540936789e-04 -1.645847720817877587e-03 4.946025444471155571e-04 4.214135277665838927e-04 4.522905107772908460e-04
3.801423473470285069e-03 -1.122786567872500075e-03 -3.220817718166651099e-03 5.076181570871879205e-04 4.750779700411216660e-04 4.685392284598382542e-04
