6.301144924578237771e-02 1.479730387620119226e-03 1.668264448731610917e-06 1.735746144358886857e-05 1.519285904008087496e-08 2.030364028406472401e-07 4.452701475963019069e-10 2.392722972049316580e-09 9.399729711077573484e-13 2.876383412906688375e-11 -8.977908910294585924e-14 3.427164577084329167e-13 -1.876806878993724682e-15 4.289095420334026047e-15 -4.035337789274340651e-17 4.652220971054331596e-17
6.270671913951256227e-02 1.365161373283179476e-03 5.672912397379868818e-04 1.228960765505477716e-05 1.225932572367958122e-05 7.867266837395255826e-08 1.880419823200791906e-07 -3.035654984083514198e-12 2.388208510952389440e-09 -1.111962508937386614e-11 2.577007560224315577e-11 -2.415702157172478775e-13 2.327771668746049223e-13 -3.821896898520374430e-15 1.491218603684253627e-15 -4.243566855746322662e-17
6.335987572939490164e-02 1.050744019111793034e-03 1.053081768404298072e-03 7.089632766291221764e-09 1.743900951192651482e-05 -1.451634587403571758e-07 1.454948372770467269e-07 -2.405294948879502383e-09 -6.007943439623743723e-13 -1.968453499498243953e-11 -1.961672748887788168e-11 -2.290703460630185573e-15 -3.275161247685012438e-13 2.839893518731879512e-15 -2.861769794883458023e-15 4.314262778357018868e-17
6.195279783282741509e-02 5.578000686425342624e-04 1.352906567952440577e-03 -1.221483677461125637e-05 1.214601679660057748e-05 -1.868515682988490585e-07 -7.843593338227875088e-08 3.173762465626434751e-12 -2.385631990099771356e-09 2.579131867212883837e-11 -1.120799070659837066e-11 2.456124128403105856e-13 2.344335204680246007e-13 -1.548806731271586009e-15 3.913012967016116580e-15 -4.461124136290808733e-17
6.289262798104854058e-02 -1.992343359761352832e-06 1.480643732283388678e-03 -1.738223193659583517e-05 -3.962441024569656034e-08 9.299102064438905265e-11 -2.032272712188471359e-07 2.394608389334356935e-09 -4.551099366185463537e-12 1.350951717283628894e-13 2.857232060337336524e-11 -3.427540235859605212e-13 5.397198248506817986e-16 -8.229849559112851686e-18 -4.226751699698240974e-15 4.475687755726208236e-17
6.277004637986788316e-02 -5.717374929975326675e-04 1.371480556029422166e-03 -1.234500484334564054e-05 -1.243595606911002176e-05 1.902955090905650451e-07 -7.836694851699892027e-08 -1.189172794867338596e-11 2.414064226101699460e-09 -2.591649653495196393e-11 -1.146341231496980303e-11 2.417830246199687556e-13 -2.322305954819768083e-13 1.548917723208411833e-15 3.843458095342519350e-15 -4.366158121962080853e-17
6.180758309787837135e-02 -1.033885697768844019e-03 1.029098549733097794e-03 7.537220121491651439e-08 -1.720896855172833045e-05 1.422880029358232461e-07 1.441905224679299948e-07 -2.367282236027307291e-09 -2.105793599686089516e-11 1.959214665411344031e-11 -1.923122913510756440e-11 -4.556843426587037747e-15 3.268347146690409650e-13 -2.813837822125354950e-15 -2.829577991967426678e-15 4.159983656681539491e-17
6.173149194655506988e-02 -1.350593579414746843e-03 5.570437446509503981e-04 1.221632974668305112e-05 -1.215838931412536545e-05 -7.901268299943442920e-08 1.871159205797496034e-07 1.954697215529412868e-11 -2.391213429271204078e-09 1.082270145643980781e-11 2.599030436215101029e-11 -2.353835948127771983e-13 -2.363718980908049641e-13 3.849718526908329507e-15 1.594768473844705667e-15 -4.434100285657951466e-17
6.253859432226487047e-02 -1.472848818114365224e-03 -1.028348464224175958e-06 1.729303623337719129e-05 -1.059371363789700196e-08 -2.027274025803249983e-07 -1.117037029482323986e-10 2.387641546021097798e-09 1.429851088618645893e-12 -2.850164292256144185e-11 -8.726579018930320779e-14 3.384848028008751876e-13 -7.369105672203796228e-17 -4.230764966117530370e-15 2.892509081052235906e-17 4.539622677378599367e-17
6.227178691426894785e-02 -1.362810584300981620e-03 -5.630046644102805692e-04 1.230191801842850702e-05 1.222633297870236833e-05 -7.907075903014191199e-08 -1.882764934265474483e-07 3.186215357176163268e-12 2.403220053243963220e-09 1.134246024524516213e-11 -2.615395649574898410e-11 -2.452766387022988097e-13 2.393316124432073896e-13 3.960051417704008372e-15 -1.616312302157994688e-15 -4.504325055180700247e-17
6.295607116323256869e-02 -1.048951902404036919e-03 -1.048725294222160225e-03 -3.926446678065506945e-09 1.738415287771153265e-05 1.448487243568056479e-07 -1.443294917230112327e-07 -2.393257390476723440e-09 -1.103104902062277687e-11 1.953457338991551438e-11 1.973211058929063757e-11 1.021371562249883548e-15 -3.302284067310579685e-13 -2.895452968612422857e-15 2.893630254321565815e-15 4.286508642474075574e-17
6.293391742670439992e-02 -5.684626254630330841e-04 -1.375155956133700076e-03 -1.241522347302492825e-05 1.232511628418484477e-05 1.893456766458821532e-07 8.030481850885609357e-08 1.419875517011366117e-11 -2.419490406716099020e-09 -2.625966577825399939e-11 1.125967420008886641e-11 2.460693182755304236e-13 2.369061606737683276e-13 1.530717646852040679e-15 -3.901607885725500676e-15 -4.403905397235020286e-17
6.223250987386212685e-02 1.116140205940527640e-06 -1.465139825588723538e-03 -1.720251364702588882e-05 -7.180122473539372766e-08 -1.428317137124894275e-09 2.013609227176216990e-07 2.374890439389250937e-09 2.604847189024085837e-11 5.391490592896296920e-13 -2.853820405960864756e-11 -3.427680801362898753e-13 -8.753098660888905453e-15 -1.137317437763648731e-16 4.256115105237009628e-15 4.491290037518471869e-17
6.216405752583437777e-02 5.626218662311022753e-04 -1.356699494004142553e-03 -1.220541505685427724e-05 -1.229707818446866082e-05 -1.881726979813255870e-07 7.747069850596932988e-08 -1.481202300485651939e-11 2.389652767044195449e-09 2.585805643643365569e-11 1.136021384573077457e-11 2.433196156285119305e-13 -2.310990071042087559e-13 -1.505586510548995040e-15 -3.900803629869398494e-15 -4.350516948713738304e-17
6.283260976280211074e-02 1.045686003717897182e-03 -1.045211166919876242e-03 4.881827304313704390e-08 -1.742852907684285972e-05 -1.444239137744400784e-07 -1.453257485056912422e-07 -2.398863724625714085e-09 -1.226970182740762384e-11 -1.978262513026808482e-11 1.948844272344513356e-11 -4.770354230573764497e-15 3.312650146645812213e-13 2.807247705542211739e-15 2.917146160628462983e-15 4.250562045544199580e-17
6.183759709826407158e-02 1.348433036401289545e-03 -5.582485681724304490e-04 1.217889514008986695e-05 -1.214366985108393196e-05 7.823804402286188543e-08 -1.862316904022498951e-07 4.602073536949739929e-12 -2.377882383950954077e-09 -1.111055302496486207e-11 -2.578677908827147475e-11 -2.395805012902355125e-13 -2.339858339845338086e-13 -3.886717464619129908e-15 -1.554359156014841976e-15 -4.405126179836369443e-17
