6.437966790292946884e-02 1.514872894533707314e-03 5.999532061296832586e-06 1.776188247328678205e-05 8.418717807488452376e-08 2.078740268552035205e-07 2.578497942615031380e-10 2.450388550686114685e-09 2.993790544024023389e-12 2.948934547324813240e-11 9.710305447607994505e-15 3.543247831771849521e-13 -5.260574358268537097e-16 4.459662459134322112e-15 -8.522461112993026088e-18 4.822207945052554844e-17
6.261911217132763718e-02 1.368106355920114354e-03 5.751765960744304254e-04 1.225597815977921877e-05 1.246593187444710946e-05 7.694834212399767432e-08 1.905050634614434470e-07 -3.940866712542809332e-11 2.416841529428934453e-09 -1.179169994692922233e-11 2.608384609348874031e-11 -2.512836857284686954e-13 2.337662280352206276e-13 -3.977690953390625125e-15 1.523279172594651993e-15 -4.516594637043655797e-17
6.241290205408057956e-02 1.037507673759538408e-03 1.051369772942686983e-03 -2.140139462628379656e-07 1.740801244660742815e-05 -1.474295921048553397e-07 1.425628288632335001e-07 -2.403022875675856116e-09 -4.348244937187204642e-11 -1.933517164886000056e-11 -2.005181658578692039e-11 5.372983547704789617e-15 -3.309598088512433891e-13 2.944721447702683994e-15 -2.829298303211653859e-15 4.253713051532583528e-17
6.105597600902982341e-02 5.471331229306413552e-04 1.346143232659258344e-03 -1.229264042627970272e-05 1.202264832607281101e-05 -1.859734410280807357e-07 -8.087140644956972517e-08 4.316336926440318634e-11 -2.385043425671130635e-09 2.607493888366401789e-11 -1.061958430596062990e-11 2.366602280279277033e-13 2.398346728500871298e-13 -1.661709739925192502e-15 3.876102913417063307e-15 -4.584683435902019112e-17
6.108570102554956166e-02 -4.906956149852202231e-06 1.447888757964245661e-03 -1.705062844303961638e-05 -5.495578513796351564e-08 7.617457636184185756e-10 -2.000721636856097778e-07 2.354198075717379215e-09 1.168674975102300423e-11 -1.606118702051371703e-13 2.817430904422604586e-11 -3.365816814364275237e-13 -2.757179545430655784e-15 3.407360019751006024e-17 -4.147137265233036883e-15 4.311759339412644341e-17
6.232681114216549745e-02 -5.686571595113175392e-04 1.366378152837381113e-03 -1.230176855119574048e-05 -1.229258824803295677e-05 1.880042801759254117e-07 -7.847535452204520550e-08 -8.119888511339662700e-12 2.385760447440593561e-09 -2.572496438593729546e-11 -1.121060755046626110e-11 2.395996943230351085e-13 -2.329296329715011260e-13 1.528897178101037433e-15 3.849919377808077561e-15 -4.401880303797025620e-17
6.270913536302982760e-02 -1.047243537848769864e-03 1.048121398410719078e-03 -3.649211269108556850e-08 -1.734727906257200599e-05 1.437115334719452747e-07 1.434330953682420004e-07 -2.370199436279811372e-09 -2.328441796574109063e-12 1.941843347377463257e-11 -1.931346330149512075e-11 -1.665950287918314528e-15 3.261532801008284839e-13 -2.839382961980032847e-15 -2.847056265487148866e-15 4.214388957204639926e-17
6.239108459644726601e-02 -1.363498530424040725e-03 5.662672178231044611e-04 1.222623498239304360e-05 -1.218983802546253582e-05 -7.885034664096582465e-08 1.862622715541710221e-07 1.216554783942625561e-11 -2.370549887439648503e-09 1.093918359053345457e-11 2.574648399502486511e-11 -2.376568137176995235e-13 -2.337067567308220726e-13 3.793147131738827955e-15 1.525120355130077203e-15 -4.305845974524081306e-17
6.281461199522506145e-02 -1.478857097785011079e-03 3.173020173879608735e-06 1.726502318834520714e-05 1.374455606082899852e-08 -2.015150802110340374e-07 -8.805680651173884614e-10 2.359979662136676269e-09 1.015806679564636661e-11 -2.819308324024853207e-11 -1.395997058885477833e-13 3.368579146596690159e-13 1.861294953762488865e-15 -4.208746114584544348e-15 -4.221472653900561360e-17 4.551729684397496135e-17
6.249894783157217137e-02 -1.367196208069454454e-03 -5.579045538020165236e-04 1.232036655162320377e-05 1.220299329197060257e-05 -7.957051427175548848e-08 -1.876104422981212784e-07 3.774363241648025556e-12 2.386746665988807347e-09 1.113698163593735344e-11 -2.577096014712410179e-11 -2.413999255965097255e-13 2.323604528576095155e-13 3.851002173944660365e-15 -1.523076815402297242e-15 -4.329016775064194418e-17
6.168180721495675201e-02 -1.028990789161077224e-03 -1.023049199674251576e-03 9.526543437295322145e-09 1.704539464523153333e-05 1.412402949101043909e-07 -1.419927474815105449e-07 -2.343055720971236529e-09 3.064508955075939338e-12 1.915918445820926443e-11 1.913956846121332108e-11 -1.612343315489468944e-15 -3.211978741741810444e-13 -2.783686236436703029e-15 2.819977637984651048e-15 4.218586619781918664e-17
6.336714395281695111e-02 -5.762927396621133009e-04 -1.379836377881502735e-03 -1.244013170218587770e-05 1.248445860827264069e-05 1.906971560926840262e-07 7.884989331781499750e-08 -1.620173632272683607e-11 -2.419767164910991122e-09 -2.604739121968499181e-11 1.156738924691643104e-11 2.461259668002925616e-13 2.328730681681333697e-13 1.502626692494459758e-15 -3.927765691566088784e-15 -4.396385649740757925e-17
6.274244361201289366e-02 -3.201034060662951328e-06 -1.473999535108887248e-03 -1.731827963560682095e-05 5.334106216323619356e-08 3.767249645987434308e-10 2.019045276540185819e-07 2.372684469222215282e-09 -3.943577043557318772e-12 2.720673115476749294e-16 -2.848798195651433476e-11 -3.423181265621741849e-13 -7.068108957039672228e-16 -3.091905841644489682e-18 4.283500155957046305e-15 4.663350585479156066e-17
6.295417052665804036e-02 5.643929619672636991e-04 -1.374683003689342476e-03 -1.247517498305280911e-05 -1.230516867635365979e-05 -1.901045022359209508e-07 8.041919058922949784e-08 2.005517192018655560e-12 2.425708269567125051e-09 2.636766061634184026e-11 1.128917527522130178e-11 2.431864959638374766e-13 -2.405695378008010586e-13 -1.601413230161340922e-15 -3.914428347397216836e-15 -4.428183418919753675e-17
6.237783179505421161e-02 1.039466176625455105e-03 -1.037447279931466397e-03 -1.519904099622948493e-08 -1.730396376428277274e-05 -1.446642273196583829e-07 -1.447892921582266421e-07 -2.407303011857736936e-09 -5.518487189395471689e-12 -1.988585317771496504e-11 1.971376377918938017e-11 -2.644770681837127731e-15 3.352266689667936401e-13 2.932012038270960190e-15 2.959037977401593967e-15 4.419480237819711630e-17
6.258298554762693755e-02 1.367364490079849785e-03 -5.635740848214670787e-04 1.230533280378403766e-05 -1.228675626883958415e-05 7.845099339759835725e-08 -1.893814343730049671e-07 -1.125793503823616566e-11 -2.412315077230960583e-09 -1.144625567966746119e-11 -2.613231646352327436e-11 -2.469528955974503199e-13 -2.386865023546473282e-13 -3.969996450218059366e-15 -1.594720617906041198e-15 -4.491822083566633209e-17
