6.439293380975033565e-02 1.515387054203709647e-03 6.120982908033236483e-06 1.778654265742590418e-05 8.601565196172394662e-08 2.083352874067855360e-07 3.859637767587980433e-10 2.456988805644050024e-09 3.255623669832103009e-12 2.959232146225040159e-11 2.177264990096083980e-14 3.555675108600633391e-13 -6.153465684449890577e-16 4.476436006486088272e-15 -1.362549647822390128e-17 4.842463630314704141e-17
6.263635138166290250e-02 1.367858079091725581e-03 5.754451948540396456e-04 1.226307615284347906e-05 1.248348197901368038e-05 7.702917455771536137e-08 1.909058022593893069e-07 -4.081054165230484835e-11 2.425505784619559342e-09 -1.188953544358279303e-11 2.621905067153506949e-11 -2.531041081484340313e-13 2.352106500620405513e-13 -4.013983193630683422e-15 1.530959472696348494e-15 -4.565331107649834683e-17
6.241726435478467394e-02 1.037061131395958929e-03 1.051316226396119139e-03 -2.158853369282527976e-07 1.742408676784729270e-05 -1.477441591745135070e-07 1.427772841141061706e-07 -2.408090891218390864e-09 -4.393940898223085536e-11 -1.940871998938142605e-11 -2.010965105281571901e-11 5.885426657176178985e-15 -3.327482131619228599e-13 2.965444416366751923e-15 -2.848878973558600104e-15 4.289787994156158253e-17
6.103345830001059152e-02 5.465289046949192492e-04 1.345375633547948044e-03 -1.230178424157297418e-05 1.202265423838270676e-05 -1.862658255638869148e-07 -8.113037515599346172e-08 4.384534245908851819e-11 -2.391979280699420440e-09 2.618593972884245755e-11 -1.067500845803124165e-11 2.378773555948127043e-13 2.409551014887008024e-13 -1.668177158900885564e-15 3.903624818243717980e-15 -4.610679163895566273e-17
6.105067526950034434e-02 -5.036349299527539493e-06 1.446735902545767064e-03 -1.705412223951028547e-05 -5.427478343954425763e-08 7.017671278986898073e-10 -2.002674205986407645e-07 2.358901047535257906e-09 1.020050245655033685e-11 -1.378094823939768011e-13 2.825472057445427862e-11 -3.381795718226447120e-13 -2.428283885055899254e-15 2.734550473669941707e-17 -4.178425688738851546e-15 4.351712233948272159e-17
6.232844731173375896e-02 -5.684159298593952775e-04 1.366032660162696958e-03 -1.231621514022408193e-05 -1.230042663002991746e-05 1.883817278440294095e-07 -7.871768886259086163e-08 -8.178669744372860518e-12 2.393768688639080531e-09 -2.584304750908644292e-11 -1.124143739147210143e-11 2.412592619116744559e-13 -2.340032200272727904e-13 1.539945570969710340e-15 3.876811945290199468e-15 -4.439857157613678206e-17
6.271465628061906328e-02 -1.046735491150755292e-03 1.047823037182813713e-03 -3.787442391961062591e-08 -1.735483474965899672e-05 1.439343199541804870e-07 1.435827133144297081e-07 -2.374858424883399505e-09 -2.021037664411793224e-12 1.947128560305628111e-11 -1.935919316047878482e-11 -1.377124076516027402e-15 3.272091633840016172e-13 -2.852524189198726062e-15 -2.863749330126302314e-15 4.250309814855562421e-17
6.240223483343071420e-02 -1.363430392346513028e-03 5.664131727590657195e-04 1.223668008431549717e-05 -1.220719346330571059e-05 -7.896051788361672012e-08 1.866220359702029824e-07 1.109943436229946544e-11 -2.378095110679587417e-09 1.099618919593842986e-11 2.580955446344233661e-11 -2.388897385992771462e-13 -2.344348813908767568e-13 3.817674271282896475e-15 1.536923356065121101e-15 -4.332759556772651168e-17
6.283780485566048402e-02 -1.478479212802830470e-03 3.333831044739458616e-06 1.727860051207010320e-05 1.100355225380756614e-08 -2.018326413800916086e-07 -8.235249534564435608e-10 2.365154185102104875e-09 9.975873011063529078e-12 -2.825627788956103362e-11 -1.440883944997788191e-13 3.376258808411751119e-13 1.768473229983504456e-15 -4.219493873037388566e-15 -4.069181201026308475e-17 4.556604973482164214e-17
6.248818011570657360e-02 -1.366626219860900878e-03 -5.574879847926586182e-04 1.232706964420555425e-05 1.220756661205359879e-05 -7.973033189405285413e-08 -1.878474050822155734e-07 5.063741983735379384e-12 2.392436235519710073e-09 1.116739505464279577e-11 -2.586188673583119776e-11 -2.424420979551792592e-13 2.336450569719321716e-13 3.868887911832912024e-15 -1.537640610705024676e-15 -4.358491459467596402e-17
6.165702089662839641e-02 -1.028719443631766726e-03 -1.022467273134976869e-03 1.202883514340766427e-08 1.705849608172778839e-05 1.414579611285729436e-07 -1.423075184895538933e-07 -2.350282286738936327e-09 4.183369748120106479e-12 1.925784189174997335e-11 1.920581036850152688e-11 -1.539097737960372830e-15 -3.231897947980288911e-13 -2.812049295970454849e-15 2.841632150534771959e-15 4.261971898307067187e-17
6.336344149299086292e-02 -5.765161966793786287e-04 -1.379843852092413944e-03 -1.245243253509829940e-05 1.250038111486519555e-05 1.911587643359019156e-07 7.896709890663438728e-08 -1.690532419260318466e-11 -2.428260825587416007e-09 -2.617031014014637400e-11 1.159481276814706786e-11 2.470363640009760659e-13 2.346840992749507068e-13 1.521143783736099888e-15 -3.945768086970000023e-15 -4.419730799117415381e-17
6.272459524656620600e-02 -3.300913170390634807e-06 -1.473428085927450419e-03 -1.733230686861173819e-05 5.342314006733410291e-08 3.080750117834394372e-10 2.022527039434656755e-07 2.378916858837841393e-09 -3.168802240164013990e-12 5.569371117054988980e-16 -2.859771660780659165e-11 -3.441531022211677819e-13 -7.810623807526842178e-16 -4.393411561468003052e-18 4.308715978253868480e-15 4.689322097376300087e-17
6.297101551150575960e-02 5.643779655977043544e-04 -1.374842213319484073e-03 -1.249548939102581523e-05 -1.231774655004831170e-05 -1.905598311019658554e-07 8.060008836132748209e-08 2.062615128110757251e-12 2.434736190556973789e-09 2.646308645169545979e-11 1.135195001177482828e-11 2.446282847327438594e-13 -2.417739383759788058e-13 -1.606368726815885368e-15 -3.943675215082700522e-15 -4.461941735136229047e-17
6.238053548476620719e-02 1.038990192853301306e-03 -1.037154815312080636e-03 -1.624434914832108246e-08 -1.731155527166966556e-05 -1.449083426346060965e-07 -1.450433460830683044e-07 -2.411815754623633920e-09 -4.828870526949295645e-12 -1.993417191317676780e-11 1.979370569483224125e-11 -1.917765839962974774e-15 3.360655551985567691e-13 2.942857261392206534e-15 2.969295609615871629e-15 4.451099855163552057e-17
6.260171925948471161e-02 1.367056435585468042e-03 -5.633485954821482655e-04 1.231836849593462912e-05 -1.230091537893505484e-05 7.865183326273326009e-08 -1.898348190252732239e-07 -1.130043444377350728e-11 -2.421756924323242566e-09 -1.149377896411034509e-11 -2.626451059800407243e-11 -2.482651174568614607e-13 -2.395278397570435390e-13 -3.982320570977324792e-15 -1.592778377641859787e-15 -4.503675329216723071e-17
