6.443936744684114482e-02 1.516954652092832685e-03 6.505386984803624003e-06 1.781380074441862122e-05 8.740162144929849458e-08 2.087389381934825355e-07 4.026733582452757539e-10 2.462442132071891191e-09 3.624226134575290079e-12 2.966631685321807928e-11 1.862994036864937693e-14 3.567852147433414886e-13 -6.394139894979642284e-16 4.494439019253668852e-15 -1.729941779568692014e-17 4.867334433503222606e-17
6.267892181536328933e-02 1.368815714745883361e-03 5.764166628507817009e-04 1.227535982877206100e-05 1.250118343061220416e-05 7.710383750759128752e-08 1.913204606560287080e-07 -4.282194375557988873e-11 2.431568250655225036e-09 -1.196391787107820965e-11 2.629225011659606434e-11 -2.546280550033965443e-13 2.358699113137385706e-13 -4.037033275531812403e-15 1.529643506557311122e-15 -4.577541127557746070e-17
6.246151873563525470e-02 1.037523612167312549e-03 1.052783680840413405e-03 -2.209485717796448929e-07 1.744431044638064643e-05 -1.480133782871015111e-07 1.430079543115565564e-07 -2.413134306912531291e-09 -4.414285875165685536e-11 -1.945528622486614723e-11 -2.015535642562158606e-11 6.143982051769051861e-15 -3.337422174071150564e-13 2.976407091824315699e-15 -2.857646108578300392e-15 4.312042736754819115e-17
6.106952251796615716e-02 5.464236792760619223e-04 1.347208446844863974e-03 -1.232640542158630384e-05 1.203015268839410573e-05 -1.865447695714524881e-07 -8.140334291044630798e-08 4.561558298767540581e-11 -2.397928527179904798e-09 2.626723466827665096e-11 -1.069684387157715298e-11 2.388698900494859167e-13 2.420430686672850700e-13 -1.675134907511704300e-15 3.918592551063609300e-15 -4.622987867185073485e-17
6.108990459735571393e-02 -5.735890029471383727e-06 1.448841786479922828e-03 -1.708573591904280324e-05 -6.615919561672136328e-08 8.183539237132537437e-10 -2.007028778091158858e-07 2.364934541568528809e-09 1.171510284282175700e-11 -1.544096149050475218e-13 2.834014241214837900e-11 -3.394526341074293756e-13 -2.580791502457862206e-15 3.146174488099916524e-17 -4.202384919859678373e-15 4.370898837805586989e-17
6.220320763820898907e-02 -5.684711665930520423e-04 1.364921477625894624e-03 -1.230886675343686910e-05 -1.230843262377712567e-05 1.885198027426931985e-07 -7.859235848997361480e-08 -9.890339782437701826e-12 2.395795344206532564e-09 -2.588030667874539517e-11 -1.127652507540818475e-11 2.418058350262839421e-13 -2.345576209440874375e-13 1.543282293466083916e-15 3.890399562589590094e-15 -4.470549582639325005e-17
6.259741896414061646e-02 -1.046360999622979312e-03 1.047234794084214368e-03 -3.350226904815195780e-08 -1.735920502039783249e-05 1.439820790883949494e-07 1.437374707849203880e-07 -2.376419484783422227e-09 -2.260817859931599787e-12 1.948847284293391714e-11 -1.937827916728689746e-11 -1.266258270358129545e-15 3.274717264974778727e-13 -2.858789904612538022e-15 -2.866538986739319591e-15 4.241387124817431805e-17
6.229039766408858009e-02 -1.362894973231770692e-03 5.665112994535309934e-04 1.223949884635766700e-05 -1.221903663000227378e-05 -7.896552335234004093e-08 1.868519532496124034e-07 1.090567826203352046e-11 -2.381764648395814400e-09 1.102199833059790151e-11 2.584746055544995310e-11 -2.393650142098158673e-13 -2.346456548565759702e-13 3.826973948837562989e-15 1.542784392311348049e-15 -4.363234364827477457e-17
6.270455839467758974e-02 -1.477125425440928936e-03 3.915885062712355008e-06 1.727513697677368019e-05 -1.570456579042056028e-09 -2.018801376318209328e-07 -6.665488587989080329e-10 2.367196518830917166e-09 8.475821351645909380e-12 -2.828767739147460506e-11 -1.317155959799560197e-13 3.379392653019771377e-13 1.671310892358337712e-15 -4.220393815104744198e-15 -3.934639085569473946e-17 4.545773008886204904e-17
6.253221915159280775e-02 -1.369154320341700246e-03 -5.577751715054776174e-04 1.235941302097695848e-05 1.222206676103093562e-05 -8.005424002045129994e-08 -1.882140359894179830e-07 6.450450861126161184e-12 2.398850919379036555e-09 1.117530301232625933e-11 -2.595391457612307564e-11 -2.431018237550722638e-13 2.345610692667103787e-13 3.882407898098706670e-15 -1.547574787312385749e-15 -4.378069391156962607e-17
6.169670818595859169e-02 -1.030607082604183917e-03 -1.023249594795035871e-03 2.236276905619657190e-08 1.708485786580499856e-05 1.416736288312814985e-07 -1.426515682479371783e-07 -2.356001873544445751e-09 5.423927273059828824e-12 1.932275305804837242e-11 1.925773304791306685e-11 -1.370349034418120466e-15 -3.246212767524019318e-13 -2.832093020588448114e-15 2.855872478507894000e-15 4.291326979646999176e-17
6.340800530899223797e-02 -5.778109533737940803e-04 -1.381208356752972521e-03 -1.246563466146437054e-05 1.252149429025530815e-05 1.915640286009475650e-07 7.908467594497515062e-08 -1.724800685840996137e-11 -2.434789423406949658e-09 -2.625714833273517522e-11 1.162242539856564010e-11 2.480440320239435086e-13 2.358088193919584516e-13 1.530054277922354849e-15 -3.955750271826364838e-15 -4.426868285761839955e-17
6.275561384017466771e-02 -3.766013111412662429e-06 -1.474441854141943101e-03 -1.735094539706067679e-05 5.395280864822537283e-08 2.978694460397060957e-10 2.026016614839384748e-07 2.383930556697030250e-09 -2.796932319299395555e-12 1.252516571363098075e-14 -2.868144986521444271e-11 -3.453133673024490194e-13 -7.934443036086561876e-16 -4.343511204549676039e-18 4.324565160915922796e-15 4.713492384323044968e-17
6.301152222290985760e-02 5.645685516997891442e-04 -1.376172490588976503e-03 -1.251477177458363568e-05 -1.233791455593070416e-05 -1.909344559787500021e-07 8.078124749550609153e-08 1.397333432085916320e-12 2.440459835870602070e-09 2.653234227618944060e-11 1.138556107696323687e-11 2.453206130066920075e-13 -2.424770715488709863e-13 -1.615876105938385399e-15 -3.956791778823919446e-15 -4.469454489145410155e-17
6.241654735462223713e-02 1.039590733206155471e-03 -1.037884024674552751e-03 -1.570881427971899444e-08 -1.733339692433386332e-05 -1.451870806085307708e-07 -1.452289380633873100e-07 -2.416346638280671347e-09 -4.286646248689243434e-12 -1.996354722573148586e-11 1.984326032011556653e-11 -1.702429239912684018e-15 3.366924487304107961e-13 2.949424436556435682e-15 2.976149904136006080e-15 4.472300671943278717e-17
6.264489657406600853e-02 1.368049630143391331e-03 -5.635841635162969687e-04 1.233695770869263928e-05 -1.231953859106108492e-05 7.883819465477592011e-08 -1.902066150188287055e-07 -1.122087267115869436e-11 -2.427931367322554509e-09 -1.152368309680371211e-11 -2.633552008248910191e-11 -2.486961881732878711e-13 -2.400249545116515231e-13 -3.990360697129044365e-15 -1.591936821406058745e-15 -4.505043896525149652e-17
