6.308147656179392826e-02 1.484253523164203630e-03 1.973056197774711616e-06 1.744554521018333560e-05 1.749792082065414749e-08 2.042986358062171241e-07 4.445301972424354118e-10 2.409553650331959308e-09 2.915271932046789461e-12 2.901989603585017747e-11 -1.482964589264621876e-14 3.472911621611803204e-13 -7.970941074601484738e-16 4.336637998942337664e-15 -1.580939740556130612e-17 4.688162757964252788e-17
6.270894677086701063e-02 1.367719050960977505e-03 5.683064723209605307e-04 1.232957928746336557e-05 1.230861348232702478e-05 7.886627056105298485e-08 1.891321677524538301e-07 -5.610451029074372594e-12 2.405483634119508849e-09 -1.128694265089931969e-11 2.599106822765401629e-11 -2.441059687848213071e-13 2.353687120202872966e-13 -3.880525886944420568e-15 1.510340620904116335e-15 -4.331625367075347732e-17
6.344323026821148404e-02 1.054380270797688037e-03 1.057597165021794804e-03 -6.691684398150190836e-09 1.753623393691542174e-05 -1.463274626270807443e-07 1.462241192785542834e-07 -2.423686829294242548e-09 -3.036038804201820805e-12 -1.982209401991671534e-11 -1.984458182982354267e-11 -5.468912830120330119e-16 -3.327383250292898337e-13 2.905901438517551961e-15 -2.915590749345844563e-15 4.390184222661212138e-17
6.189791699458420393e-02 5.579108099855941165e-04 1.355084269337308422e-03 -1.225361188183376766e-05 1.216173880999475594e-05 -1.875797768095298464e-07 -7.899549267882486802e-08 6.937353883646524532e-12 -2.398737810818956675e-09 2.605693932077148326e-11 -1.123977431571967123e-11 2.448638367584253335e-13 2.366147319125415736e-13 -1.585750001699875720e-15 3.940158227751222652e-15 -4.474876426881421974e-17
6.295655233981910237e-02 -3.364907725305480029e-06 1.486070730241892922e-03 -1.746492591514396209e-05 -6.032942539932872346e-08 4.392287463276218693e-10 -2.046253515147028497e-07 2.413883047244451775e-09 -1.184758140833292529e-12 1.317880408607629250e-13 2.890461319031970137e-11 -3.467968154446043242e-13 7.872423554502124035e-16 -2.137304823966432762e-17 -4.311576846367829114e-15 4.574521929315989214e-17
6.269187548842242164e-02 -5.726091690797407334e-04 1.373674108006771788e-03 -1.237570901993071276e-05 -1.248064373769349566e-05 1.911915835987468432e-07 -7.874705052441125945e-08 -1.433860835091145800e-11 2.428757778843965703e-09 -2.616483003721163397e-11 -1.158475989641179385e-11 2.460960605280405779e-13 -2.349622492880022953e-13 1.553489113491620727e-15 3.912314064575520970e-15 -4.475522155612249376e-17
6.171453035565455103e-02 -1.035403740410212586e-03 1.031367810502148300e-03 7.288282101837020313e-08 -1.726573040943133058e-05 1.429724657452760312e-07 1.448492563691921788e-07 -2.384006669991868995e-09 -1.888911330984458097e-11 1.974962597940649556e-11 -1.939149267882476373e-11 -3.195714913250489447e-15 3.299638206712784569e-13 -2.852858539729128675e-15 -2.875872493682751653e-15 4.194745274579361258e-17
6.159863245064948339e-02 -1.352764487909849248e-03 5.586963028878306125e-04 1.226048163226539410e-05 -1.221343249114575578e-05 -7.937161111619286556e-08 1.881221424586525990e-07 1.554377627922876227e-11 -2.406670826188810925e-09 1.107715813398323048e-11 2.615682947940551167e-11 -2.410959715340002448e-13 -2.389506228974676479e-13 3.885847532040449745e-15 1.621442310754130864e-15 -4.513628992510447427e-17
6.243537513989059345e-02 -1.476561549708069578e-03 3.844207931228631367e-08 1.737510277195843968e-05 -1.623993138731913904e-08 -2.037210050438747647e-07 5.167083175442382459e-11 2.402204287168052171e-09 -6.262026587980291209e-13 -2.869915537408031048e-11 -3.385188713317715470e-14 3.437292749361907968e-13 -2.333810623640070989e-16 -4.299395812540314710e-15 4.757921781217174000e-18 4.565753435078601840e-17
6.232782032197208694e-02 -1.366991580097492087e-03 -5.647377735775772640e-04 1.236085927572348501e-05 1.228111695224752305e-05 -7.961052360719195590e-08 -1.892784394753724000e-07 3.828805203282377652e-12 2.418694496455141718e-09 1.140753570783338588e-11 -2.635318636913688227e-11 -2.476769602555539796e-13 2.407639669706549801e-13 3.988560673833926466e-15 -1.611583928729825801e-15 -4.556408495545494647e-17
6.296471248371436624e-02 -1.051841849335917326e-03 -1.051129733815009664e-03 -2.016961911205577755e-09 1.746357449409286020e-05 1.456546533377361780e-07 -1.450622886979720542e-07 -2.409738958728318907e-09 -1.023131219092641313e-11 1.969345181940815253e-11 1.987249353013203439e-11 9.565589385361389218e-16 -3.333662848777177026e-13 -2.937388504780049865e-15 2.922963514135422084e-15 4.357299737031105881e-17
6.294731351521747065e-02 -5.702484548675598296e-04 -1.378655594152700895e-03 -1.246910222197036188e-05 1.237847950760899428e-05 1.905183260860912414e-07 8.080276270746016439e-08 1.644806652232195412e-11 -2.438611956175499173e-09 -2.652563763511304786e-11 1.127155387737292570e-11 2.468611168777449520e-13 2.402022715073349039e-13 1.566456780132313870e-15 -3.943374726923745349e-15 -4.476922967193755682e-17
6.226985801502767093e-02 5.021632088221622417e-07 -1.468930723838792092e-03 -1.727212523274972096e-05 -6.398837078816227389e-08 -1.200413877009146423e-09 2.026544742301855262e-07 2.393726553830819312e-09 2.082384410559342902e-11 4.400062972601131022e-13 -2.881264120509595419e-11 -3.458627306034540085e-13 -6.409090149825756554e-15 -8.293998793186662344e-17 4.306022874702376172e-15 4.585232860212698336e-17
6.218015830337721150e-02 5.638905231339381291e-04 -1.360617850175979476e-03 -1.226554004165665764e-05 -1.233632730307388371e-05 -1.893335437427485567e-07 7.815881071575161939e-08 -1.286237701020571911e-11 2.407112635575726626e-09 2.604499654593041540e-11 1.142324762865324566e-11 2.456447302716061936e-13 -2.336985756826541146e-13 -1.521321537240848698e-15 -3.935064582653765608e-15 -4.427945169730524946e-17
6.292641478929873744e-02 1.049229509806233734e-03 -1.048836699104368619e-03 4.056447269913706064e-08 -1.750833043772651702e-05 -1.453784976907989869e-07 -1.461552444569659759e-07 -2.415830924873365065e-09 -1.164614052227513518e-11 -1.993790086315991947e-11 1.967736248854396161e-11 -3.573009430704445843e-15 3.342256727500136605e-13 2.875128035775091535e-15 2.953937343900042447e-15 4.342802495777518667e-17
6.185490972088184686e-02 1.351909764616018167e-03 -5.598987740763087737e-04 1.222407796686133880e-05 -1.220168896405344163e-05 7.854870136597254732e-08 -1.874554976097907015e-07 4.080461202448645302e-12 -2.394321259753529840e-09 -1.118066389838012749e-11 -2.602415400278738038e-11 -2.425310420755007077e-13 -2.368186599037388843e-13 -3.929843555787937273e-15 -1.556247250555867383e-15 -4.440437820315978854e-17
