5.153336417537318962e-05 1.864925831445661861e-06 1.865057236676121635e-06 3.952565763247073944e-08 4.334882380977020741e-08 8.691132348035463082e-10 8.692072744071429045e-10 1.927253495085217021e-11 1.562967592279667334e-11 3.500943936097697505e-13 3.501145196685888089e-13 7.096676308339376650e-15 6.638344887564776540e-15 1.333868652309305562e-16 1.333996574575076581e-16 2.261933493682851651e-18
5.294171861947379623e-05 1.915898858347317850e-06 1.916028512590464167e-06 4.060613942248576134e-08 4.453362676651004484e-08 8.928746425660015582e-10 8.929658494772765391e-10 1.979939493523848067e-11 1.605700505168983510e-11 3.596657029321924132e-13 3.596867388329324302e-13 7.290667035414376348e-15 6.819899244506430618e-15 1.370338875747630551e-16 1.370476621686902825e-16 2.323772224289513921e-18
4.350613857459723153e-05 1.574434516512961638e-06 1.574550106724784270e-06 3.336905058228106218e-08 3.659679585999707527e-08 7.337400358177399405e-10 7.338215024271113037e-10 1.627074039818977019e-11 1.319514211801388283e-11 2.955641243347775174e-13 2.955813819433958396e-13 5.991286240921470259e-15 5.604395986187043227e-15 1.126117831563609130e-16 1.126205348262877466e-16 1.909596060345492532e-18
5.357499351600750653e-05 1.938815945865263744e-06 1.938943057439266623e-06 4.109177585053769765e-08 4.506625615668493235e-08 9.035523183756223584e-10 9.036455578839904622e-10 2.003620847944888655e-11 1.624897881753324077e-11 3.639679711416254793e-13 3.639843097792877997e-13 7.377690588903620676e-15 6.901559440180129461e-15 1.386713183441141307e-16 1.386861612244791096e-16 2.351543525036954956e-18
4.654221222401746242e-05 1.684302491316666177e-06 1.684421170942797699e-06 3.569748596625901300e-08 3.915036767408872903e-08 7.849371612040359777e-10 7.850220928262401466e-10 1.740593546391931617e-11 1.411589762773461862e-11 3.161867625250635502e-13 3.162049387984408954e-13 6.409343148649748163e-15 5.995402425121211549e-15 1.204679698524929542e-16 1.204795232370549300e-16 2.042858837560830127e-18
4.958398059459433725e-05 1.794386246696477080e-06 1.794507679978456612e-06 3.803076444169457732e-08 4.170915766354274782e-08 8.362455949350049080e-10 8.363310173031804171e-10 1.854365215784789351e-11 1.503861695929782538e-11 3.368545199925987607e-13 3.368742225702578974e-13 6.828268919761349280e-15 6.387358749142967262e-15 1.283427470129812183e-16 1.283556479327220064e-16 2.176390956055749844e-18
4.314218294804057503e-05 1.561263401158993055e-06 1.561378025719760958e-06 3.308989789657590841e-08 3.629064110613567532e-08 7.276018491124594188e-10 7.276826333776334655e-10 1.613462565213744742e-11 1.308475661617064844e-11 2.930915486729244693e-13 2.931086613329709256e-13 5.941165434811576919e-15 5.557511751113562696e-15 1.116697163613084956e-16 1.116783953640475147e-16 1.893621119271095248e-18
5.014156454894313651e-05 1.814564194415100656e-06 1.814683156953651163e-06 3.845835147244430154e-08 4.217812160259367571e-08 8.456468952577597085e-10 8.457341585335009601e-10 1.875215983346482218e-11 1.520764012085321645e-11 3.406425714917406971e-13 3.406578622810065202e-13 6.904880900702808143e-15 6.459263274749065088e-15 1.297843720127567460e-16 1.297982631183669134e-16 2.200841557857146143e-18
4.795301632388579216e-05 1.735357670809331843e-06 1.735479944025909926e-06 3.677956085828074523e-08 4.033710755046952378e-08 8.087304577033267632e-10 8.088179617578028654e-10 1.793355036369136653e-11 1.454378373108045906e-11 3.257711276899757287e-13 3.257898560438202200e-13 6.603625429147271749e-15 6.177137183959032306e-15 1.241196381846996862e-16 1.241315416621180217e-16 2.104782711531077111e-18
5.105066152745767107e-05 1.847463711560182767e-06 1.847588734276241693e-06 3.915570424967656830e-08 4.294290327251972340e-08 8.609815164241867276e-10 8.610694637159374467e-10 1.909216840575224317e-11 1.548345521494394067e-11 3.468185863168015616e-13 3.468388724310578985e-13 7.030247307892889306e-15 6.576295117892317569e-15 1.321390906189536568e-16 1.321523746547715949e-16 2.240768002129596914e-18
4.212549170873402615e-05 1.524470578803950493e-06 1.524582499391769808e-06 3.231009946841677490e-08 3.543541376148464647e-08 7.104551407670337324e-10 7.105340226020983923e-10 1.575439612883539839e-11 1.277640046543531768e-11 2.861845358239652114e-13 2.862012460889045711e-13 5.801155574012208676e-15 5.426543114560672564e-15 1.090381009099706177e-16 1.090465753895072258e-16 1.848995933025335103e-18
5.108469996794999003e-05 1.848695155053102062e-06 1.848816353748890958e-06 3.918173204237130150e-08 4.297146904018098190e-08 8.615530497493013342e-10 8.616419554835301404e-10 1.910487772779670530e-11 1.549368751391316393e-11 3.470498714578195534e-13 3.470654493964236677e-13 7.034757907916780391e-15 6.580758486711983909e-15 1.322255447615435391e-16 1.322396980340901510e-16 2.242238183148665625e-18
4.977702479722362231e-05 1.801366177324835910e-06 1.801493104331704670e-06 3.817856003846103245e-08 4.187142662322634339e-08 8.394924678822959379e-10 8.395833003766522741e-10 1.861569615064116002e-11 1.509699157001804382e-11 3.381626168099114286e-13 3.381820577231901972e-13 6.854810241586440113e-15 6.412099472610108318e-15 1.288408273480955271e-16 1.288531830224092379e-16 2.184843190334278360e-18
5.160025516810755076e-05 1.867352862557291783e-06 1.867479230762245323e-06 3.957724088397114885e-08 4.340521162263083952e-08 8.702505428554823735e-10 8.703394378972235472e-10 1.929770804120180071e-11 1.565014467286789600e-11 3.505523140169105329e-13 3.505728180659040650e-13 7.105932510484921694e-15 6.647093212255821829e-15 1.335616546170418951e-16 1.335750799698160534e-16 2.264891326195776525e-18
4.383396352339678228e-05 1.586298107759117464e-06 1.586414567297699443e-06 3.362049114335992958e-08 3.687255796896452761e-08 7.392688718343675175e-10 7.393509519562874516e-10 1.639334275953814217e-11 1.329456940581857223e-11 2.977912422787981381e-13 2.978086295602671483e-13 6.036431425573136532e-15 5.646625894965032913e-15 1.134603292093866042e-16 1.134691469740409725e-16 1.923985128840257383e-18
5.235878880370422168e-05 1.894802925912744039e-06 1.894927152539001667e-06 4.015895234179931454e-08 4.404320805924650649e-08 8.830407980543359857e-10 8.831319202543440812e-10 1.958136696885666214e-11 1.588011113022878285e-11 3.557055430013015391e-13 3.557215102758956992e-13 7.210209781550544083e-15 6.744887341114800402e-15 1.355233446919786548e-16 1.355378500230329606e-16 2.298161193290288931e-18
