4.829296659407096917e-05 1.747658154748827995e-06 1.747817687224067231e-06 3.704076375524912000e-08 4.062392578407173718e-08 8.144729676231610056e-10 8.145814183197048132e-10 1.806127298806319726e-11 1.464720538875713713e-11 3.280927628207197418e-13 3.281072310260888821e-13 6.650552627313558921e-15 6.221275494008464176e-15 1.250058340634411797e-16 1.250150543422972645e-16 2.119778631929602169e-18
5.031992938360128448e-05 1.821009339902215989e-06 1.821160885666036953e-06 3.859550191834059465e-08 4.232829670096657761e-08 8.486528383112004504e-10 8.487577710039034758e-10 1.881914697572501624e-11 1.526179118504217783e-11 3.418572830676489349e-13 3.418735065678970516e-13 6.929436902970905203e-15 6.482400920756831194e-15 1.302463286201171499e-16 1.302628311044962366e-16 2.208702303055803245e-18
4.416281530994581946e-05 1.598193928937566371e-06 1.598325577737508982e-06 3.387294667438519711e-08 3.714916885895709785e-08 7.448148919690764646e-10 7.449044443021969830e-10 1.651646115457200086e-11 1.339441258871556448e-11 3.000281438240148163e-13 3.000436436530095239e-13 6.081608321758240932e-15 5.689206882612640043e-15 1.143092541450363855e-16 1.143251657372722457e-16 1.938460836770957903e-18
5.290290977210618397e-05 1.914487261465942134e-06 1.914663999528148781e-06 4.057666040514451839e-08 4.450193372819131858e-08 8.922271756578697261e-10 8.923375397994174317e-10 1.978550148080874549e-11 1.604529993306772744e-11 3.594125538397169567e-13 3.594269245716893789e-13 7.285346481461501878e-15 6.815188607817899177e-15 1.369366243858527824e-16 1.369501128878235367e-16 2.322118823029216466e-18
4.543660659587120637e-05 1.644290288651275587e-06 1.644440384691290101e-06 3.484993217641664989e-08 3.822116266296746727e-08 7.662997408435245750e-10 7.664017775552682468e-10 1.699301189271064977e-11 1.378087443751211787e-11 3.086872241265373941e-13 3.087008363175270543e-13 6.257195688254296549e-15 5.853308816667103563e-15 1.176121761935351900e-16 1.176208514530840022e-16 1.994401157162234648e-18
5.152631254953439781e-05 1.864666695585305176e-06 1.864821874871592311e-06 3.952080057728837948e-08 4.334308636788323784e-08 8.689986629605343419e-10 8.691061123715768101e-10 1.927032212135621391e-11 1.562768134493597715e-11 3.500530593163922612e-13 3.500696714202287353e-13 7.095565014048125283e-15 6.637811693263524831e-15 1.333688877980699235e-16 1.333857868333304721e-16 2.261654304375763562e-18
4.171061889345614238e-05 1.509452180989840876e-06 1.509576522596617058e-06 3.199210832907390893e-08 3.508641411770725880e-08 7.034581000782717409e-10 7.035426798789553301e-10 1.559936367445488635e-11 1.265067081680034269e-11 2.833687012042215315e-13 2.833833397397723615e-13 5.743919327606135894e-15 5.373306464739842731e-15 1.079620876880902153e-16 1.079771156807837645e-16 1.830825330770146430e-18
5.077210191264938183e-05 1.837376109540596358e-06 1.837545726558835328e-06 3.894232560519617337e-08 4.270949796917450111e-08 8.562903120669139189e-10 8.563962314349325606e-10 1.898858689864583001e-11 1.539903208180942921e-11 3.449362406023405757e-13 3.449500326506920602e-13 6.991909441522476061e-15 6.540688487717472449e-15 1.314211309535663032e-16 1.314340763252955936e-16 2.228589220128595913e-18
4.979377403362531039e-05 1.801970379929576394e-06 1.802134868567790042e-06 3.819188487739650245e-08 4.188640138076568260e-08 8.397844618392651305e-10 8.398962827292327362e-10 1.862256577230483056e-11 1.510239869065715978e-11 3.382889495343003092e-13 3.383038663854572601e-13 6.857232822627404473e-15 6.414614958290697979e-15 1.288906585705928301e-16 1.289001656395288742e-16 2.185655318380544557e-18
5.216781375441204363e-05 1.887881746553783810e-06 1.888038856617663933e-06 4.001283347429738796e-08 4.388270662015844352e-08 8.798176727039971010e-10 8.799264609741468558e-10 1.951023711581232019e-11 1.582224556184245949e-11 3.544112103716408524e-13 3.544280292020080478e-13 7.183904625960102687e-15 6.720452279415245178e-15 1.350293267061220577e-16 1.350464356166778096e-16 2.289811847281427020e-18
4.270260537076572864e-05 1.545350861459138236e-06 1.545478158275001986e-06 3.275296347432119910e-08 3.592085986999395167e-08 7.201881545910309687e-10 7.202747455741220525e-10 1.597035692246060324e-11 1.295153653232622921e-11 2.901079423316809900e-13 2.901229284521519050e-13 5.880524604565352936e-15 5.501097611199128360e-15 1.105297056883170549e-16 1.105450912679609951e-16 1.874367095069943070e-18
4.950017280612068084e-05 1.791346653931038755e-06 1.791512022984995247e-06 3.796675287902731939e-08 4.163955102878770522e-08 8.348387557073388095e-10 8.349420214240431401e-10 1.851288989988704485e-11 1.501325964399848597e-11 3.362949898016691569e-13 3.363084374528298686e-13 6.816749985769085922e-15 6.376832888610766442e-15 1.281288048877187567e-16 1.281414244138851604e-16 2.172759215004361051e-18
4.508486616117241236e-05 1.631561272241682523e-06 1.631710207382387360e-06 3.458014684143487623e-08 3.792527951143616096e-08 7.603675508556371520e-10 7.604687981292915378e-10 1.686146314312913746e-11 1.367419195142930937e-11 3.062975703865808582e-13 3.063110771963491566e-13 6.208756584093497215e-15 5.807996330506886104e-15 1.167016997736148842e-16 1.167103081074743417e-16 1.978961797874702054e-18
4.892314189636987005e-05 1.770461513618063499e-06 1.770608853948958188e-06 3.752416268055185515e-08 4.115334204317046466e-08 8.250958170127362372e-10 8.251978371477305957e-10 1.829676252584351614e-11 1.483815228673191983e-11 3.323679619541601660e-13 3.323837347569913185e-13 6.737088634067826176e-15 6.302461557232865248e-15 1.266309332531137753e-16 1.266469776843171276e-16 2.147392816084002683e-18
4.214703583545081244e-05 1.525245533840086349e-06 1.525371173483587177e-06 3.232684075932165077e-08 3.545352216603044271e-08 7.108183600972303934e-10 7.109038254422885880e-10 1.576257935706228076e-11 1.278303440164781045e-11 2.863335790327915426e-13 2.863483707594306781e-13 5.804017776307796878e-15 5.429527193638488601e-15 1.090916922735445641e-16 1.091068769475088105e-16 1.849981197390048946e-18
5.142604997281322602e-05 1.861041633002522029e-06 1.861213433525710563e-06 3.944390531303629725e-08 4.325959909377294581e-08 8.673193881927059333e-10 8.674266702077592584e-10 1.923316116197667243e-11 1.559737259757820752e-11 3.493790415281839637e-13 3.493930116623044000e-13 7.081965708168872562e-15 6.624932942395887731e-15 1.331138445940821356e-16 1.331269556183988481e-16 2.257293568534112314e-18
