5.130878510288431287e-05 1.856798601964842800e-06 1.856929435374551306e-06 3.935340732318855350e-08 4.315991241647641463e-08 8.653256958133828282e-10 8.654193240053742372e-10 1.918854648750657246e-11 1.556156278211429345e-11 3.485687046564818454e-13 3.485887436303924438e-13 7.065749475624312587e-15 6.609415415976952226e-15 1.328055736926023481e-16 1.328183104945336378e-16 2.252076136058453663e-18
5.282315184401038675e-05 1.911608064407419957e-06 1.911737427528557216e-06 4.051519906046359710e-08 4.443389054339313315e-08 8.908749866056152881e-10 8.909659874951960848e-10 1.975505275423106144e-11 1.602104422302433179e-11 3.588602045797906886e-13 3.588811960697083876e-13 7.274339057850720025e-15 6.804625552659206238e-15 1.367269900514514850e-16 1.367407337473898272e-16 2.318567960056271458e-18
4.330683314354274375e-05 1.567221895903384268e-06 1.567336955245067725e-06 3.321618403612134635e-08 3.642914274224526432e-08 7.303787075557010978e-10 7.304598013042036950e-10 1.619620270810953811e-11 1.313469398822936320e-11 2.942101190264763182e-13 2.942272977874936137e-13 5.963839606745961747e-15 5.578721750072294900e-15 1.120958983000394452e-16 1.121046106496501485e-16 1.900848034735913390e-18
5.366157218277915742e-05 1.941949126918778862e-06 1.942076438205756882e-06 4.115818127405964601e-08 4.513908442453817904e-08 9.050124845094105179e-10 9.051058746183475698e-10 2.006858757222783143e-11 1.627523763072186747e-11 3.645561541411735246e-13 3.645725176901796067e-13 7.389613133350607034e-15 6.912712559914203291e-15 1.388954155507711578e-16 1.389102814185104976e-16 2.355343686757627047e-18
4.571462155623945710e-05 1.654353057622353712e-06 1.654469627447869771e-06 3.506273090933822354e-08 3.845421518424769904e-08 7.709797970285468968e-10 7.710632177288446189e-10 1.709643172334437728e-11 1.386489571794851871e-11 3.105644849525620052e-13 3.105823392768095646e-13 6.295375367929254518e-15 5.888795140252231025e-15 1.183258681675953298e-16 1.183372159302491105e-16 2.006533733426491294e-18
4.829550104158668994e-05 1.747757680508667031e-06 1.747875954735981891e-06 3.704250445453852290e-08 4.062531161832335574e-08 8.145150821946845957e-10 8.145982840784244008e-10 1.806178044790558724e-11 1.464782640110280113e-11 3.281010846247770970e-13 3.281202750663506253e-13 6.650830869208587801e-15 6.221378106556223456e-15 1.250076582594346547e-16 1.250202245299579614e-16 2.119835692047388964e-18
4.332943916801784056e-05 1.568039979040747718e-06 1.568155098363248214e-06 3.323352274017722451e-08 3.644815858083896740e-08 7.307599633798782792e-10 7.308410988516617276e-10 1.620465705458068193e-11 1.314155024053096386e-11 2.943636948316655063e-13 2.943808827488668276e-13 5.966952729271680974e-15 5.581633800923650459e-15 1.121544125655446554e-16 1.121631281994433108e-16 1.901840273841226756e-18
5.014223208064151762e-05 1.814588351470262685e-06 1.814707315957701749e-06 3.845886348932751222e-08 4.217868313310235191e-08 8.456581534437190327e-10 8.457454183633849717e-10 1.875240949239579787e-11 1.520784258368337475e-11 3.406471064773680530e-13 3.406623976769232854e-13 6.904972803796128988e-15 6.459349263154413829e-15 1.297860986358754653e-16 1.297999911525461803e-16 2.200870829583151209e-18
4.859137945989883540e-05 1.758459206710508193e-06 1.758583110816514265e-06 3.726918005163078631e-08 4.087408572058148625e-08 8.194964895772892943e-10 8.195851591710960679e-10 1.817228649017637589e-11 1.473739440121941668e-11 3.301078783262620508e-13 3.301268559730867301e-13 6.691534640361494764e-15 6.259368880737090320e-15 1.257719511638289164e-16 1.257840136900260972e-16 2.132802128227313404e-18
5.103612402552471086e-05 1.846937619523608066e-06 1.847062606298212720e-06 3.914455405664717551e-08 4.293067465888117232e-08 8.607363373652119927e-10 8.608242617194834842e-10 1.908673164207841191e-11 1.547904605232685715e-11 3.467198242614842844e-13 3.467401035479746499e-13 7.028245348208742039e-15 6.574422419135567408e-15 1.321014623974692581e-16 1.321147416140000449e-16 2.240129946820709420e-18
4.166361439732396888e-05 1.507755795548809418e-06 1.507866490086948344e-06 3.195584118781762217e-08 3.504688856442475219e-08 7.026654829081581094e-10 7.027435000819128775e-10 1.558165986212760796e-11 1.263631592938066905e-11 2.830467174833927780e-13 2.830632438360199295e-13 5.737549851319881386e-15 5.367044761365899710e-15 1.078425726330849253e-16 1.078509535724795176e-16 1.828722950759803118e-18
5.088220951925222690e-05 1.841367261774769173e-06 1.841487982579465291e-06 3.902642276211079084e-08 4.280113795333874651e-08 8.581380112550633823e-10 8.582265633350142021e-10 1.902914945847501108e-11 1.543227332642883004e-11 3.456742293307898703e-13 3.456897451307218285e-13 7.006873425640345590e-15 6.554673543405308829e-15 1.317014266611852073e-16 1.317155242053024763e-16 2.233350339439522958e-18
4.978288072630528637e-05 1.801578096240025412e-06 1.801705037392375096e-06 3.818305149136932328e-08 4.187635249507386692e-08 8.395912285812333503e-10 8.396820732649931933e-10 1.861788617380605340e-11 1.509876763581754830e-11 3.382023993408980399e-13 3.382218428134183909e-13 6.855616653880064202e-15 6.412853823947186401e-15 1.288559848361264192e-16 1.288683422224430023e-16 2.185100220076078329e-18
5.116363079636238731e-05 1.851551938730282077e-06 1.851677235511845596e-06 3.924235134673986972e-08 4.303793100634088781e-08 8.628867689056974242e-10 8.629749128540098137e-10 1.913441719158461984e-11 1.551771831954439377e-11 3.475860559018442862e-13 3.476063872713397984e-13 7.045804440223400888e-15 6.590847720161434680e-15 1.324314995053612767e-16 1.324448125897949618e-16 2.245726573630904942e-18
4.364442399252298004e-05 1.579438898655117873e-06 1.579554857444536783e-06 3.347511501065921538e-08 3.671311978697133731e-08 7.360722478727015853e-10 7.361539736262543299e-10 1.632245737742108253e-11 1.323708322028542899e-11 2.965035827441708092e-13 2.965208951329793853e-13 6.010329681067497664e-15 5.622209704572294956e-15 1.129697224221160244e-16 1.129785027642097191e-16 1.915665756432543909e-18
5.215129841694773086e-05 1.887294094202026763e-06 1.887417827433614272e-06 3.999980815916238027e-08 4.386867112455434693e-08 8.795414328269838408e-10 8.796321945227472350e-10 1.950376879197717677e-11 1.581718052112920848e-11 3.542959318459533278e-13 3.543118362233235985e-13 7.181636778660986976e-15 6.718158299024953526e-15 1.349862840430446479e-16 1.350007329391932957e-16 2.289053892794823083e-18
