4.878673904926117123e-05 1.765527123226150492e-06 1.765688283733593897e-06 3.741948780394929020e-08 4.103928593349212402e-08 8.228005627935394803e-10 8.229101225998085251e-10 1.824594084097617945e-11 1.479696604651750969e-11 3.314473547898104924e-13 3.314619699692825586e-13 6.718551342949621961e-15 6.284885044797513958e-15 1.262839588328979463e-16 1.262932736625501384e-16 2.141452370619071431e-18
5.090374665549556650e-05 1.842136888267848220e-06 1.842290193900340781e-06 3.904329115895627851e-08 4.281939419873388864e-08 8.584990005440506212e-10 8.586051521305069620e-10 1.903748871613998442e-11 1.543886015312949890e-11 3.458235491112251928e-13 3.458399608508386402e-13 7.009832970517576386e-15 6.557610460040999854e-15 1.317574603385883539e-16 1.317741548119415612e-16 2.234327908255254789e-18
4.387408981190066049e-05 1.587745334121343797e-06 1.587876122483017007e-06 3.365149379827613901e-08 3.690629685403989641e-08 7.399454775305887042e-10 7.400344446095865995e-10 1.640848065159395275e-11 1.330684324520607368e-11 2.980666348543018765e-13 2.980820329763093679e-13 6.041848306056426414e-15 5.652012287768336652e-15 1.135619286944249101e-16 1.135777362450665645e-16 1.925787662670820959e-18
5.184506990186257364e-05 1.876205421264270471e-06 1.876378621245119263e-06 3.976529466612308803e-08 4.361207877050960727e-08 8.743863149616805900e-10 8.744944725293390264e-10 1.938987315006361198e-11 1.572446017678804008e-11 3.522257855840340672e-13 3.522398693967758193e-13 7.139669637770173794e-15 6.678912989074509716e-15 1.341984576600809778e-16 1.342116754067470708e-16 2.275686043168287631e-18
4.631462559288147081e-05 1.676064628326069298e-06 1.676217625456044681e-06 3.552337380970438689e-08 3.895975014619946745e-08 7.811077516351925662e-10 7.812117594236282177e-10 1.732138562303916418e-11 1.404717668224829980e-11 3.146523099466507156e-13 3.146661855200905776e-13 6.378110048253059448e-15 5.966418392122353669e-15 1.198849195485402674e-16 1.198937622420418427e-16 2.032941053847124424e-18
5.095353288903412643e-05 1.843938585965840259e-06 1.844092041395412857e-06 3.908147730294196972e-08 4.286127359175123282e-08 8.593386523809884553e-10 8.594449071933778726e-10 1.905610830818452474e-11 1.545396007997035196e-11 3.461617807698711616e-13 3.461782085494106110e-13 7.016688910132730809e-15 6.564024101543469240e-15 1.318863251468116050e-16 1.319030356662507982e-16 2.236513179817792105e-18
4.220657720469813638e-05 1.527400257301850313e-06 1.527526075056634976e-06 3.237250910537915763e-08 3.550360761579163109e-08 7.118225385013884798e-10 7.119081235132094342e-10 1.578484723086842170e-11 1.280109307590947750e-11 2.867380842267917947e-13 2.867528968873789023e-13 5.812217156103309664e-15 5.437197534153088131e-15 1.092458064507181666e-16 1.092610130920755486e-16 1.852594691004926201e-18
5.127597636806246936e-05 1.855610664538154764e-06 1.855781966546409833e-06 3.932879850389474148e-08 4.313335716386433160e-08 8.647883405401903166e-10 8.648953119267370931e-10 1.917703416741637574e-11 1.555185573355537225e-11 3.483594703586816987e-13 3.483733990964515456e-13 7.061298809816597727e-15 6.605599822398943294e-15 1.327253858381933887e-16 1.327384596950839555e-16 2.250706273593064679e-18
4.939565181629186987e-05 1.787562864911651622e-06 1.787726040186282308e-06 3.788652465643346858e-08 4.155150188352692192e-08 8.330700302396985657e-10 8.331809573788823397e-10 1.847367049858132817e-11 1.498164863836074454e-11 3.355841857139444561e-13 3.355989854030215427e-13 6.802406323618371558e-15 6.363327414025965509e-15 1.278601230990852522e-16 1.278695540836682211e-16 2.168180064638885753e-18
5.210592389069768700e-05 1.885642038309593742e-06 1.885798960810697191e-06 3.996536382876630532e-08 4.383064591759718408e-08 8.787738927531103152e-10 8.788825513500366748e-10 1.948709094307791157e-11 1.580347469165184344e-11 3.539907517331845278e-13 3.540075494450485180e-13 7.175381930239449953e-15 6.712479400601969379e-15 1.348691345811932213e-16 1.348862219084437074e-16 2.287095305973137840e-18
4.298145891730570774e-05 1.555442202025501572e-06 1.555570330919418403e-06 3.296684453488403787e-08 3.615542771718363912e-08 7.248910764398543679e-10 7.249782331005261431e-10 1.607464543002395714e-11 1.303611173398885990e-11 2.920023844988590693e-13 2.920174686553356358e-13 5.918925175826711437e-15 5.537020476351152384e-15 1.112514790780957438e-16 1.112669645840412974e-16 1.886606947188212265e-18
4.986112304102276681e-05 1.804408969653633158e-06 1.804575544340042501e-06 3.824360258616218544e-08 4.194318243546121865e-08 8.409263158025633395e-10 8.410303338554573628e-10 1.864788399338526100e-11 1.512273479981180719e-11 3.387472197181525105e-13 3.387607637481466783e-13 6.866457035849061737e-15 6.423332086456791613e-15 1.290631062519383581e-16 1.290758184191831749e-16 2.188602720078273845e-18
4.648155332714190894e-05 1.682105522592567390e-06 1.682259069616113384e-06 3.565140762075471957e-08 3.910016935933702908e-08 7.839230300230256808e-10 7.840274129053876037e-10 1.738381555009860533e-11 1.409780570578253373e-11 3.157863835012998619e-13 3.158003089486105118e-13 6.401098114114353915e-15 5.987922645539156451e-15 1.203170099109746523e-16 1.203258847164396840e-16 2.040268216285164138e-18
4.906828490101187214e-05 1.775714039999710422e-06 1.775861814188862073e-06 3.763548766884959322e-08 4.127543395380950342e-08 8.275436734890940731e-10 8.276459971296480134e-10 1.835104454327445973e-11 1.488217344574203343e-11 3.333540155018773506e-13 3.333698366968531942e-13 6.757075914359663939e-15 6.321159408647664878e-15 1.270066159606975493e-16 1.270227080638756765e-16 2.153763616149216658e-18
4.242859173780954391e-05 1.535434670729093064e-06 1.535561149385944586e-06 3.254279458344214007e-08 3.569036325107983941e-08 7.155668593487074675e-10 7.156528948496418057e-10 1.586787851556905372e-11 1.286842922132615676e-11 2.882463808661561766e-13 2.882612706789474755e-13 5.842790511945655545e-15 5.465798206385468635e-15 1.098204595149619267e-16 1.098357468085468776e-16 1.862339685992148888e-18
5.121738898979777800e-05 1.853490464525369696e-06 1.853661568513689126e-06 3.928386185494727399e-08 4.308407342177334332e-08 8.638002434659070213e-10 8.639070910714473893e-10 1.915512266060686468e-11 1.553408632603499964e-11 3.479614387383156156e-13 3.479753513921038130e-13 7.053230650616520349e-15 6.598052327697044017e-15 1.325737357165620948e-16 1.325867936467996252e-16 2.248134640913841117e-18
