4.882771317062076271e-05 1.767009922575711751e-06 1.767171220163642523e-06 3.745091502508746652e-08 4.107375329345332554e-08 8.234916026595616624e-10 8.236012535633424099e-10 1.826126493829167052e-11 1.480939346707822835e-11 3.317257246772572351e-13 3.317403526370063627e-13 6.724193983797272081e-15 6.290163478615783209e-15 1.263900197656290455e-16 1.263993424070431582e-16 2.143250893912893107e-18
5.124316456091618753e-05 1.854419957723106158e-06 1.854574283277925263e-06 3.930362541885347983e-08 4.310490696265832884e-08 8.642233316064005553e-10 8.643301902783477970e-10 1.916442762887619178e-11 1.554180395896576677e-11 3.481294443960227915e-13 3.481459652108472971e-13 7.056573356753037064e-15 6.601335539266843041e-15 1.326359976220303750e-16 1.326528033521831983e-16 2.249226040470389024e-18
4.376276232761702615e-05 1.583716540925248226e-06 1.583846999013371160e-06 3.356610550256717470e-08 3.681264969202283825e-08 7.380679181752177050e-10 7.381566588788905516e-10 1.636684526463381414e-11 1.327307808081383765e-11 2.973103121073116562e-13 2.973256707370516419e-13 6.026517524373995888e-15 5.637670683177767434e-15 1.132737729526181649e-16 1.132895407966139011e-16 1.920901090551476521e-18
5.181221375591654309e-05 1.875016399280255599e-06 1.875189492104121586e-06 3.974009395007883015e-08 4.358444017949744152e-08 8.738321838710179752e-10 8.739402725156811806e-10 1.937758506936145673e-11 1.571449500897337169e-11 3.520025676114367103e-13 3.520166416579502495e-13 7.135144958987901032e-15 6.674680309438755212e-15 1.341134106981527986e-16 1.341266207167158426e-16 2.274243862302525837e-18
4.681616999292111396e-05 1.694214853030677207e-06 1.694369505340963427e-06 3.590805899191416586e-08 3.938164807871186854e-08 7.895664232889134084e-10 7.896715589300218647e-10 1.750896014873797303e-11 1.419929456166130306e-11 3.180597025085585827e-13 3.180737280801222288e-13 6.447179018296250711e-15 6.031029182380069728e-15 1.211831616028065538e-16 1.211921003401252380e-16 2.054955912219209020e-18
5.113044760004299450e-05 1.850340887972306022e-06 1.850494873049972234e-06 3.921717128320858733e-08 4.301009134618630149e-08 8.623223451518173992e-10 8.624289690730502915e-10 1.912227263335238532e-11 1.550761744763334524e-11 3.473636820377386283e-13 3.473801660222348845e-13 7.041051424661609475e-15 6.586814902754644834e-15 1.323442457345244094e-16 1.323610144413635497e-16 2.244278517916107531e-18
4.243067595400098254e-05 1.535510092342730633e-06 1.535636582035071499e-06 3.254439318404963148e-08 3.569211647682810214e-08 7.156020095639557206e-10 7.156880495780873630e-10 1.586865796120706459e-11 1.286906137238252759e-11 2.882605400139948764e-13 2.882754309497425733e-13 5.843077517352622178e-15 5.466066720529553541e-15 1.098258545083241207e-16 1.098411423516017963e-16 1.862431161188290895e-18
5.158586780225667140e-05 1.866825234606558511e-06 1.866997569242326225e-06 3.956648603012963804e-08 4.339403794694393757e-08 8.700147746232868008e-10 8.701223927084262991e-10 1.929293246172557606e-11 1.564584491977460992e-11 3.504648145608593607e-13 3.504788290405370396e-13 7.103974450047061992e-15 6.645521399553285131e-15 1.335275255028714874e-16 1.335406775204508471e-16 2.264308633028209494e-18
4.934806343446890254e-05 1.785840703450375112e-06 1.786003722771193092e-06 3.785002429490171291e-08 4.151147065065666784e-08 8.322674398533443228e-10 8.323782603829514098e-10 1.845587271043289195e-11 1.496721512574800889e-11 3.352608798945542329e-13 3.352756644254017470e-13 6.795852774186055360e-15 6.357196898553593361e-15 1.277369418804480848e-16 1.277463632664976544e-16 2.166091228375976373e-18
5.208448242478663331e-05 1.884866098952563508e-06 1.885022959272151806e-06 3.994891820146772908e-08 4.381260972443846850e-08 8.784122786788469699e-10 8.785208917354225639e-10 1.947907204535374840e-11 1.579697158649211111e-11 3.538450842294699724e-13 3.538618777525251670e-13 7.172429257727573168e-15 6.709717232482371130e-15 1.348136350696645549e-16 1.348307166408990015e-16 2.286154143238622124e-18
4.306981198420361314e-05 1.558639581539402547e-06 1.558767973480646285e-06 3.303461145665892344e-08 3.622974910093941770e-08 7.263811685535703385e-10 7.264685044238004960e-10 1.610768856115806059e-11 1.306290887032584094e-11 2.926026272859745465e-13 2.926177422355110879e-13 5.931092147448757875e-15 5.548402425714958392e-15 1.114801677696202412e-16 1.114956856421385703e-16 1.890485080924433991e-18
5.028810017843237995e-05 1.819860713300352415e-06 1.820028713818417649e-06 3.857109504457077005e-08 4.230235556684679766e-08 8.481274409951999345e-10 8.482323514736278454e-10 1.880757193150730780e-11 1.525223570491254204e-11 3.416480230231945271e-13 3.416616825359499965e-13 6.925256752659206564e-15 6.478337208113664740e-15 1.301683158905209276e-16 1.301811376594836587e-16 2.207344447109011810e-18
4.678942328430041444e-05 1.693246924542951624e-06 1.693401491284781760e-06 3.588754423511363877e-08 3.935914880020169613e-08 7.891153337371592431e-10 7.892204086482479713e-10 1.749895705016560243e-11 1.419118231410169494e-11 3.178779907611484114e-13 3.178920087602203960e-13 6.443495691060009623e-15 6.027583575087858759e-15 1.211139279657151955e-16 1.211228614224792221e-16 2.053781895261640817e-18
4.951652871266611446e-05 1.791935369596717374e-06 1.792084495479129630e-06 3.797929171088571753e-08 4.165248927804567378e-08 8.351033698999972346e-10 8.352066283777216311e-10 1.851868319230012812e-11 1.501812363834557236e-11 3.363992392696261217e-13 3.364152042099586489e-13 6.818802504482951206e-15 6.378903858300779876e-15 1.281668347273290921e-16 1.281830735918660109e-16 2.173438496785342130e-18
4.262486380019256524e-05 1.542537495028356982e-06 1.542664560124606218e-06 3.269333551807614605e-08 3.585546462805160535e-08 7.188770261347041193e-10 7.189634603708105656e-10 1.594128231940848023e-11 1.292795778051674266e-11 2.895797903156320723e-13 2.895947492808581384e-13 5.869818907376292603e-15 5.491082653206988970e-15 1.103284815842433976e-16 1.103438398609706814e-16 1.870954743173064107e-18
5.134693369005361005e-05 1.858178519453422832e-06 1.858350057838684229e-06 3.938322296684552667e-08 4.319304648928127283e-08 8.659850621359136643e-10 8.660921810727361532e-10 1.920357195050841663e-11 1.557337688801663311e-11 3.488415415551740770e-13 3.488554888107932522e-13 7.071070480715473030e-15 6.614740888181908837e-15 1.329090555429797125e-16 1.329221475927768033e-16 2.253820867346617016e-18
