9.998347370357481001e-01 9.997648223248196686e-01 9.997922506587105795e-01 9.997554812049506134e-01 1.000000000000000000e+00 9.998196828520141688e-01 9.998184344021098235e-01 9.997383033951621201e-01 9.998165212956872105e-01 9.999042400432661681e-01 9.998483478833039007e-01 9.999024431714089722e-01 9.996731284696332986e-01 9.998752432098949594e-01 9.997755537899906120e-01 9.999710229257483540e-01
1.000000000000000000e+00 9.272562503341095219e-01 7.115028969572184669e-01 3.816852298303198276e-01 5.046861639279990631e-03 -3.840534835059710161e-01 -7.109469090065101415e-01 -9.361375707957840797e-01 -1.009076159767783087e+00 -9.299804995711355993e-01 -7.265868574425508042e-01 -3.839426212126995086e-01 -4.517279833903105010e-04 3.864187258446972750e-01 7.163272983823615325e-01 9.282971173579962487e-01
1.110360088706574197e-02 3.691342387668967717e-01 7.151222857136166899e-01 8.958700777333118426e-01 1.000000000000000000e+00 8.941540322829168996e-01 7.053390729030611928e-01 3.670969068902325549e-01 8.181180393710650589e-03 -3.822329715705442554e-01 -6.875522844883662499e-01 -9.007432447691984256e-01 -9.707374736007753357e-01 -9.025475837550425151e-01 -6.834151704878361766e-01 -3.814924562399926722e-01
9.756013268576979591e-01 7.061415144654601406e-01 -2.553993634522758530e-02 -7.061222328948418836e-01 -1.023864133906679186e+00 -7.036195974598028480e-01 -8.799416719745807233e-03 7.139751255613618897e-01 1.000000000000000000e+00 7.033133651605798509e-01 5.758748166554417992e-03 -6.985148852117240015e-01 -1.002758855470385901e+00 -6.970228651038259393e-01 -4.043177227170759863e-03 7.054332950877370001e-01
6.408153301463341035e-03 6.882134675696272019e-01 9.875554907340812205e-01 6.825469245425090925e-01 4.541769645776460272e-03 -6.866826787127362497e-01 -9.816125554027751443e-01 -6.935412975243662181e-01 2.555336208116854545e-03 6.876988743884351329e-01 1.000000000000000000e+00 6.794469106856679819e-01 3.783084306681676508e-03 -6.885281922710062563e-01 -9.775126781572748280e-01 -6.900908034343988806e-01
1.000000000000000000e+00 3.942937268494339231e-01 -7.547344497058073864e-01 -9.445621525287879461e-01 -2.763521452461876679e-03 9.505137537463584918e-01 7.377345255716720729e-01 -4.021642277853462732e-01 -1.035513756930412255e+00 -3.946625996356104560e-01 7.455896833362286591e-01 9.381636873893260953e-01 2.618878461760674233e-03 -9.430306238411859665e-01 -7.352842377929184048e-01 3.965376849249163116e-01
2.836544247424405054e-03 9.223295639825300762e-01 6.970641340823823251e-01 -3.935176549340271834e-01 -1.018623749243765753e+00 -3.879346319047589642e-01 7.134824289753171067e-01 9.319572977002332781e-01 -5.614561424793339077e-03 -9.191295617155208486e-01 -7.359943636866161931e-01 3.843756865695294178e-01 1.000000000000000000e+00 3.791285943005620607e-01 -7.110114736355919174e-01 -9.171335173622785497e-01
9.552394544381120900e-01 8.518881933589482480e-03 -1.014294565421178573e+00 2.793375409546332636e-02 1.000000000000000000e+00 1.801596057274656992e-02 -1.023667347799389615e+00 1.777322698485121755e-02 9.938354040810400969e-01 1.163153573362000689e-02 -1.039088957648976352e+00 1.548229752886184224e-02 9.888000863980918043e-01 6.966444868492837131e-03 -1.007183887876710093e+00 1.203418411200086156e-02
3.793299197211943800e-03 9.914763150013274906e-01 -2.167296337251406121e-02 -9.997081046591409503e-01 2.603014755376029804e-03 1.000000000000000000e+00 -1.582330668989080343e-03 -1.010877393317969553e+00 5.683506600161400239e-03 9.989312826278463620e-01 3.988029822701779671e-03 -9.844011729606505501e-01 -4.469495112377133185e-03 9.898695183185564073e-01 -1.631866290552688292e-03 -9.885631941984382998e-01
1.000000000000000000e+00 -3.888985800750704436e-01 -7.393685517799946094e-01 9.874621034221413574e-01 -5.242054486735886303e-03 -9.814074901401393936e-01 7.682539265940695472e-01 3.859271352365987173e-01 -1.047219641769579157e+00 3.900804206649275407e-01 7.770002128166620947e-01 -9.662378049286262094e-01 -1.908729554261149415e-03 9.618456288509520391e-01 -7.508390514499466706e-01 -3.800406580076178820e-01
7.648085643992754735e-03 9.098109621199341746e-01 -7.235360563826873648e-01 -3.568341517552085507e-01 1.000000000000000000e+00 -3.682898871575575606e-01 -7.207758078829756831e-01 9.382072872265847518e-01 -1.015512642361478344e-03 -9.329743698271133479e-01 7.342327457061079699e-01 3.587955156110546606e-01 -9.818536863828786210e-01 3.624042371695098130e-01 7.168747175270391292e-01 -9.196804430004611453e-01
9.454734547683398826e-01 -6.852920052557565089e-01 9.457678568411117398e-03 6.956893426264698643e-01 -1.009065054800193151e+00 7.051698328459794496e-01 -8.869819430546736425e-03 -6.999531658814298618e-01 1.000000000000000000e+00 -7.034369284779670162e-01 -1.860377036763946352e-03 6.866507405746202775e-01 -9.858689057546735635e-01 6.839676453023444402e-01 1.715543042122120391e-03 -6.826566769732439477e-01
9.015546932597805554e-03 6.790781589112420136e-01 -9.776082058169349720e-01 7.135259018251512986e-01 -6.529522025787351698e-03 -7.023534750211327671e-01 1.000000000000000000e+00 -7.113381814180782525e-01 -1.663018532131985578e-05 7.079501487022269446e-01 -1.014903252385985777e+00 6.941462923973245047e-01 1.442456106816073294e-03 -6.886529960880781731e-01 9.845186082571548702e-01 -6.961522113818179314e-01
1.000000000000000000e+00 -9.506829060998635006e-01 7.540949852718819013e-01 -4.368691999968443151e-01 5.047011888421079444e-03 4.268279178888840786e-01 -7.681285169782390287e-01 9.919499520715426844e-01 -1.074336689276393253e+00 9.941074476016871220e-01 -7.843984275617488233e-01 4.265790244874292370e-01 -3.024505660861405345e-03 -4.136462429660752727e-01 7.494172962661672655e-01 -9.532904991136639250e-01
5.306646037608789279e-03 3.912134831656825518e-01 -7.113836066034645578e-01 9.380950706822250851e-01 -1.027699281577958423e+00 9.428578255624503468e-01 -7.406827692166342292e-01 4.169519056034870497e-01 -2.381250944887378963e-03 -4.098132155471630456e-01 7.438994164125096731e-01 -9.200001284157983683e-01 1.000000000000000000e+00 -9.097457627775322742e-01 7.148232198547060934e-01 -4.014718327541826892e-01
9.164037455145787048e-01 -9.421977574448383574e-01 9.535944929098939538e-01 -9.860520858657210175e-01 9.979195148852461061e-01 -9.892564762034463666e-01 9.862137514459721199e-01 -9.935676504489766581e-01 9.945848974053171920e-01 -9.949609584652426841e-01 1.000000000000000000e+00 -9.677053670082649273e-01 9.680952745783713009e-01 -9.472437611189364892e-01 9.472353444034385950e-01 -9.468491169596340296e-01
