2.016893725374333979e+00 2.002812424666569058e+00 1.995644701703374713e+00 2.008235182686896714e+00 1.991163847230789763e+00 1.984232787260330255e+00 1.988177369987913945e+00 2.019674009600147091e+00
1.558132613338253805e+02 6.549347849196746552e+01 -6.477391427021393611e+01 -1.562648172463450749e+02 -1.557925179315396065e+02 -6.481492241058904824e+01 6.461516383735779812e+01 1.567077290084444030e+02
6.671260958752293391e+01 1.579802298603813426e+02 1.560598784646903141e+02 6.594728694054327889e+01 -6.513681953730851149e+01 -1.539586109966646177e+02 -1.547434649147390360e+02 -6.544450015711883850e+01
1.002109209832719898e+04 -1.036094364400126142e+04 -1.013503631210760977e+04 1.016297718340460233e+04 1.016819393251982183e+04 -9.982941136951954832e+03 -1.011780641179339364e+04 1.017430076108958019e+04
1.020600444602803327e+04 1.028559890839989384e+04 -1.018308634395384797e+04 -1.022741554085454300e+04 1.019369120985941663e+04 1.008858705319485853e+04 -1.009464146921923930e+04 -1.014955593760547708e+04
4.570548923689316143e+05 -1.147517842970832251e+06 1.136112883421428036e+06 -4.733540505504974280e+05 -4.692150983204663498e+05 1.118187091013454832e+06 -1.121799791065360419e+06 4.674806176824885770e+05
1.118292242289657239e+06 -4.775071491916668019e+05 -4.688486532107885578e+05 1.141186239515907131e+06 -1.138464318652128335e+06 4.621422922511022189e+05 4.611938672426249832e+05 -1.118765746214813087e+06
-1.876685531432153657e+05 1.936860559467473067e+05 -1.922655544808058476e+05 1.936709979910239927e+05 -1.924704292043724563e+05 1.883505467092375911e+05 -1.882258226193522569e+05 1.880617522099649941e+05
5.126540132612606883e+07 -5.289726699147386104e+07 5.252107168235926330e+07 -5.293343188029485196e+07 5.263357909891150892e+07 -5.151867908776310086e+07 5.147328057695672661e+07 -5.140064437992749363e+07
-2.128917610584974682e+03 2.290064513080757024e+03 -2.272531495621971771e+03 2.196448698016909930e+03 -2.053362117404155924e+03 1.918830332600696693e+03 -1.917277978144961935e+03 2.005855890961118121e+03
-3.985339387236493621e+03 4.205996969595029441e+03 -4.306215903141995113e+03 4.431853519049923307e+03 -4.406635555597332313e+03 4.222843783004010220e+03 -4.091750092083960681e+03 3.995574647686363278e+03
-2.109732881658552373e+01 2.176952029775283037e+01 -2.161377075972267292e+01 2.178210373007036438e+01 -2.165771757082246296e+01 2.119834024715262188e+01 -2.117976822755262845e+01 2.115121281112469021e+01
-2.292953957876345683e+01 2.366069500197807685e+01 -2.348160569088555860e+01 2.364938960582139060e+01 -2.350342541445276368e+01 2.300502441915109131e+01 -2.299523771731099586e+01 2.297822465625532473e+01
5.333741053985630032e-01 -5.502671252546245118e-01 5.463822735915691009e-01 -5.507966381908923070e-01 5.478231253767890108e-01 -5.363022844728801974e-01 5.358029512822899409e-01 -5.349255330039099920e-01
-1.440684177349904893e-01 1.485304727582378304e-01 -1.471772427520809945e-01 1.480343622175994411e-01 -1.470712536815094174e-01 1.440745160080285081e-01 -1.442370862418737854e-01 1.443261500924562235e-01
4.769426230597482302e-03 -4.921574010555155448e-03 4.884980024144901060e-03 -4.920752862319422057e-03 4.890834758407114173e-03 -4.786904166205402551e-03 4.784227097599894583e-03 -4.779996953682389901e-03
