9.996698546252511530e-01 9.996746195572787652e-01 9.997653787429103822e-01 9.995408287027388594e-01 1.000000000000000000e+00 9.995977695833943022e-01 9.998400769743930327e-01 9.995741721365996035e-01 9.997055098878084856e-01 9.998910471113001686e-01 9.996280023653703051e-01 9.999149052363425216e-01 9.994371550338083665e-01 9.998613540739624828e-01 9.996376852298447524e-01 9.999199760670277604e-01
1.000000000000000000e+00 9.354179857905595696e-01 6.984912765238691090e-01 3.905961127724552062e-01 -8.265359548134692050e-03 -3.807607650425046120e-01 -7.321715023545645185e-01 -9.251399665507780146e-01 -1.018149828274292235e+00 -9.237348417058783845e-01 -7.220520728288659651e-01 -3.760327713235134817e-01 -1.922819346708076835e-03 3.884295879678552055e-01 7.075754531598982267e-01 9.384977543382552190e-01
-2.515501640883996328e-03 3.800470220347956785e-01 7.080318080030590933e-01 9.228012419328480709e-01 1.000000000000000000e+00 9.157877586048043250e-01 7.114206841093572153e-01 3.804757301409756876e-01 4.816622785986861971e-03 -3.816963206203778380e-01 -7.034347565293125326e-01 -9.195491604535688257e-01 -1.001687939853632914e+00 -9.225063098388037730e-01 -7.055899745395599609e-01 -3.819043493805818201e-01
9.876870921602440845e-01 7.072878982694461580e-01 -1.078303175961952548e-02 -7.035402585628564021e-01 -9.952455573949406942e-01 -6.971871582281579105e-01 8.415854081242181775e-03 7.035057474073451722e-01 1.000000000000000000e+00 6.993472722836227007e-01 4.143535183132978673e-03 -7.030819112537721738e-01 -9.997652523810525160e-01 -7.014326548487657131e-01 -9.418071195487530758e-04 7.111210407008353718e-01
-6.420476459081557973e-03 7.064613542787154810e-01 9.892522146894476842e-01 7.078165816069519334e-01 -6.022914623818103816e-03 -6.989806589028998429e-01 -1.016344288803562756e+00 -7.008336778241138765e-01 -4.773985434680930694e-03 7.009721402440753923e-01 1.000000000000000000e+00 6.940777481835639362e-01 -4.005584006627667566e-03 -7.039618270377816511e-01 -9.997012976377085414e-01 -7.031697927446590723e-01
1.000000000000000000e+00 3.947770157207863284e-01 -7.229351953418351462e-01 -9.291620168380242406e-01 -1.740226410005074479e-03 9.300540952865162803e-01 7.187010594156193477e-01 -3.916077045958403224e-01 -1.010533087404033914e+00 -3.871287853333939544e-01 7.172703215834980162e-01 9.190111905545294002e-01 -3.853354757805341289e-03 -9.338421729425948614e-01 -7.127383304097345551e-01 3.957374516310874779e-01
-4.354709750325238583e-03 9.226387664856263715e-01 6.987636795631714248e-01 -3.872655519483548803e-01 -9.940623136713218067e-01 -3.812176045331612806e-01 7.261265982633410276e-01 9.217880919583281152e-01 -2.397248205787422086e-03 -9.109240173147090669e-01 -7.157829292037448665e-01 3.918733909054035180e-01 1.000000000000000000e+00 3.830061455214250343e-01 -7.101928644863571005e-01 -9.235070028981836598e-01
9.873521628939908590e-01 2.004825170513623023e-02 -1.020915408130341095e+00 1.760486688409810402e-02 9.897142291808873615e-01 1.162912737240463443e-02 -1.036828298566189632e+00 1.980603987759325252e-02 9.959213266945209364e-01 1.451100295819565331e-02 -1.026303197544457424e+00 2.512057866521667446e-02 1.000000000000000000e+00 5.200862651022935754e-03 -1.013864054293038608e+00 1.663509420016203930e-02
-6.873084471624196085e-03 1.000000000000000000e+00 -1.241550999912961230e-02 -9.885801712651081097e-01 -8.259650684324319758e-03 9.956554902684540131e-01 -1.598420535898793099e-02 -9.958424253101079149e-01 9.439158490305984625e-03 9.766893674560156446e-01 8.193564463281559351e-03 -9.872716435744529617e-01 7.478688021243932657e-03 9.944534527261136292e-01 -7.881539297694794069e-03 -9.943632353682176905e-01
1.000000000000000000e+00 -3.727104606347678706e-01 -7.300635961940600271e-01 9.563280443738958470e-01 2.229617144820890233e-03 -9.474750206405899711e-01 7.549363296388613698e-01 3.688812109722511279e-01 -1.004961782274346627e+00 3.725642026456129074e-01 7.362113032363076792e-01 -9.473098818493201900e-01 7.861456416729872138e-03 9.503464486464057170e-01 -7.387195628270653014e-01 -3.708475192518915775e-01
-3.475203390697661782e-03 9.544028194449730718e-01 -7.358640511310939880e-01 -3.738481367274803513e-01 1.000000000000000000e+00 -3.757532822047026655e-01 -7.379410977077198730e-01 9.581488674743355860e-01 -7.755314521442539452e-03 -9.402053713827229764e-01 7.321792288199671095e-01 3.633425876631602991e-01 -1.010722418066070993e+00 3.828698229007726495e-01 7.251227963736147641e-01 -9.549716765608539104e-01
9.932908115857489451e-01 -7.044850228316825724e-01 6.154968376937588592e-04 7.112203984683057589e-01 -9.960107770443922259e-01 7.032913515122668491e-01 -6.578554973170180203e-03 -7.061633253205424898e-01 1.000000000000000000e+00 -7.047683576447638654e-01 3.852683012640259041e-03 6.915195385782639814e-01 -1.004325162641327873e+00 7.133205988646618145e-01 -9.676885387866974303e-03 -7.034245145718743819e-01
5.044188098164661309e-04 7.012886060491241302e-01 -9.820403516159615931e-01 7.051838231406731827e-01 -5.817977027995351481e-04 -6.922454561410714691e-01 1.000000000000000000e+00 -7.093890583265070049e-01 7.083495459090165605e-03 6.912558633542789099e-01 -9.794718650991743880e-01 6.941937263792204993e-01 -4.430232295824205503e-03 -6.982250496738676704e-01 9.862670799622018647e-01 -7.090732606795659976e-01
1.000000000000000000e+00 -9.348520526998143065e-01 7.234761851881332806e-01 -4.115409773759833856e-01 1.569334037864740993e-03 4.005424160028008829e-01 -7.314137051806877121e-01 9.374170092430930135e-01 -1.002831227506245204e+00 9.272374343372169481e-01 -7.198336090424519718e-01 4.036212816213452514e-01 -3.343660177146114219e-03 -4.045245537544125414e-01 7.218804559547791211e-01 -9.380884426987989855e-01
2.345615955001090474e-03 4.055675181863823697e-01 -7.179624124975023669e-01 9.342558259582743885e-01 -9.920982398905818789e-01 9.192127528858695662e-01 -7.332456614276313678e-01 4.130222557482998158e-01 -5.627356141914782034e-03 -3.977378597321453157e-01 7.106139369406828665e-01 -9.091691005408267801e-01 1.000000000000000000e+00 -9.324016888085210342e-01 7.277427430273669673e-01 -4.151113955143883594e-01
9.940523343916320975e-01 -1.004215959316133278e+00 9.874068335029529964e-01 -1.005476508859469265e+00 9.853475416695791633e-01 -9.849937488959256138e-01 1.000000000000000000e+00 -1.007568293884006705e+00 9.943836343731827787e-01 -9.899872426501593603e-01 9.735699844830913996e-01 -9.738978520817520579e-01 9.906330258413210688e-01 -9.990101405388098765e-01 9.920289424297584757e-01 -1.009508940388528009e+00
