9.999411485904894370e-01 9.999463174382808850e-01 1.000037280914297666e+00 9.998120721694506718e-01 1.000271885012437245e+00 9.998696065539642852e-01 1.000111195357571647e+00 9.998457281306871725e-01 9.999778192699046997e-01 1.000161350171312025e+00 9.999000206555791470e-01 1.000187185092284325e+00 9.997074776541970964e-01 1.000133512769954436e+00 9.999093500330323847e-01 1.000190979424806059e+00
8.444476693535983713e+01 7.845433063241924287e+01 5.899563059445290492e+01 3.275908015675945961e+01 -5.823078767166709468e-01 -3.188707682844360036e+01 -6.173520501885224832e+01 -7.774897059877818606e+01 -8.559785440525428157e+01 -7.766754987755136597e+01 -6.074779554887290089e+01 -3.162922639141126879e+01 -2.738649955843184235e-03 3.253234335849026593e+01 5.994983813802161876e+01 7.860994438346541813e+01
-4.570422317800345580e-01 3.238515372258413549e+01 5.999975957554642747e+01 7.818824826342439849e+01 8.513211439337392505e+01 7.755830964631216773e+01 6.055154582529536356e+01 3.214662651125508575e+01 4.647705077277922703e-01 -3.258031499407067599e+01 -5.947845758893387114e+01 -7.821703915617078451e+01 -8.546614001958985796e+01 -7.778882165391503634e+01 -6.034728093957065198e+01 -3.208451855494261196e+01
7.140982991181940633e+03 5.146312495345142452e+03 -9.885744539539626885e+01 -5.060895075208978596e+03 -7.246742080944935879e+03 -5.036767864927754090e+03 4.693626050585849896e+01 5.107912061150066620e+03 7.241022841506193799e+03 5.054077692766411928e+03 5.269910596473945930e+01 -5.112609180841718626e+03 -7.263246655114796340e+03 -5.055717298828474668e+03 -2.350635112300597740e+01 5.166319671653974183e+03
-5.277034489145436424e+01 5.103280005318419171e+03 7.166040909284459303e+03 5.093719561883054666e+03 -1.419435058529883165e+01 -5.067552324497079098e+03 -7.329000766636275330e+03 -5.069617682503357173e+03 -2.162700583125307929e+01 5.066509217238601195e+03 7.228012274108990823e+03 5.019500152028314005e+03 -2.182360065313635644e+01 -5.097940463458493468e+03 -7.231520906035977532e+03 -5.074879252783414813e+03
6.063328988528246991e+05 2.421695637533216795e+05 -4.416602069933189778e+05 -5.615112289378813002e+05 -4.357734886304302563e+03 5.673256540781134972e+05 4.353018308681616327e+05 -2.382972843936182908e+05 -6.135728923564079450e+05 -2.344861443007726339e+05 4.347633630888373591e+05 5.595296037021209486e+05 -2.471350373372261856e+03 -5.686418805167010287e+05 -4.320225774063203135e+05 2.407131663957581331e+05
-3.447052936160075205e+03 5.668110639267880470e+05 4.298170871876218589e+05 -2.363078855444851215e+05 -6.126146787719690474e+05 -2.337638840367236990e+05 4.452102030895744101e+05 5.672000127992639318e+05 -4.165966299909924601e+03 -5.569040106028104201e+05 -4.429410001025439124e+05 2.429182532225385075e+05 6.138588457058892818e+05 2.349595463637306821e+05 -4.368908737143056933e+05 -5.670835800085698720e+05
5.107564347557271272e+07 1.311867706600310281e+06 -5.323034058994134516e+07 9.361964924744876334e+05 5.136812975603622943e+07 5.350092383644917281e+05 -5.358918614470614493e+07 1.004761713320771232e+06 5.167351013806176931e+07 7.150609199069947936e+05 -5.325464408329249173e+07 1.407866164493499789e+06 5.179553356854088604e+07 1.627382875162579294e+05 -5.253043230510336906e+07 8.912602299877612386e+05
-4.290277792238332913e+05 5.270103398959927261e+07 -6.946395332512422465e+05 -5.173860731131624430e+07 -8.241355734358531190e+05 5.269764130016760528e+07 -1.067432264642024180e+06 -5.242042060620078444e+07 7.727537466382470448e+05 5.121749820181343704e+07 4.218508923372112913e+05 -5.173146762871570140e+07 1.874070307173335750e+05 5.247919248904555291e+07 -4.530494089251988335e+05 -5.233853080848415196e+07
4.322224464839691162e+09 -1.594148563241352797e+09 -3.179285300713065624e+09 4.135390954434613228e+09 2.377583417895077541e+07 -4.115885191057718277e+09 3.279443766620713234e+09 1.592650081793392420e+09 -4.352694215568414688e+09 1.612077225252743006e+09 3.200769688882878780e+09 -4.120516425261311531e+09 4.861139095417506248e+07 4.111431404351189613e+09 -3.200902861200850964e+09 -1.603368916090982437e+09
-2.969561885701513663e+07 4.156936249623738766e+09 -3.202928534573116779e+09 -1.628979655525069714e+09 4.353679359996860504e+09 -1.639018345656247616e+09 -3.193752004575749397e+09 4.161193190476693630e+09 -4.641294982954195142e+07 -4.073634412507297039e+09 3.176620051919837475e+09 1.573557377798440695e+09 -4.388042585358045578e+09 1.670043759372438431e+09 3.140246433464838982e+09 -4.137313800914568901e+09
3.630282087790594482e+11 -2.566942300464682007e+11 -8.701882720593101978e+08 2.611762491632843323e+11 -3.659068251279028931e+11 2.580016216905998840e+11 -3.286083848567692280e+09 -2.577715848423479309e+11 3.656260521945646973e+11 -2.577920553985662842e+11 1.049105051036579490e+09 2.534659961828539429e+11 -3.684440233504367676e+11 2.620657210733771362e+11 -4.598262164780429840e+09 -2.566937043398030396e+11
7.705053262209914625e+07 2.686229778493815002e+11 -3.760798560293114014e+11 2.686252612135418091e+11 7.442311606957598925e+08 -2.650893268517954102e+11 3.826734434109244385e+11 -2.715686917707197571e+11 3.294085045553957939e+09 2.642119109082145691e+11 -3.748007602884665527e+11 2.660098186991110840e+11 -1.753870910185091257e+09 -2.672269086250871582e+11 3.779109484048678589e+11 -2.714535949693731995e+11
2.967093878454718750e+13 -2.768736185178303906e+13 2.142529966513603125e+13 -1.210934900863085742e+13 -1.177205227807317543e+10 1.190994932639039648e+13 -2.171381430653973438e+13 2.782113171495069531e+13 -2.974230195349088672e+13 2.746215205267032031e+13 -2.125611698687987500e+13 1.187571348389520703e+13 -1.505664980569672012e+10 -1.204015458195627148e+13 2.143125556810462109e+13 -2.780460095409013672e+13
6.758828965552667236e+10 1.206640861049221289e+13 -2.136306075922107422e+13 2.770952472294024609e+13 -2.946592987014658984e+13 2.721777972397316406e+13 -2.171308924190397266e+13 1.225226970031015430e+13 -1.740031013954004822e+11 -1.180497844290716992e+13 2.108389186986890234e+13 -2.698570813322874609e+13 2.970535806100769531e+13 -2.772494341109192578e+13 2.166043172161853125e+13 -1.233526932362132422e+13
1.435285426028536000e+15 -1.444959755631502250e+15 1.419524112067063750e+15 -1.439346881163102500e+15 1.412165501302531000e+15 -1.408385348182923000e+15 1.432822741603906000e+15 -1.445608557902152250e+15 1.426426522596067750e+15 -1.416506420945062250e+15 1.386083840321571250e+15 -1.379707724678807000e+15 1.402792313536297500e+15 -1.422749266243735250e+15 1.420740042047663000e+15 -1.453560460534695000e+15
