1.000003889677102409e+00 9.999336763897920255e-01 9.999616103531286937e-01 9.999246371635251984e-01 1.000168919042792481e+00 9.999887553867570222e-01 9.999878020093053710e-01 9.999070610551060723e-01 9.999859136320300435e-01 1.000073225321546300e+00 1.000017291950472176e+00 1.000071700169641087e+00 9.998421919063595897e-01 1.000044492492540682e+00 9.999445044159237517e-01 1.000140187969628558e+00
8.374742811516597385e+01 7.776146200162415312e+01 5.961847326141585768e+01 3.194086230570360030e+01 4.644758661834059166e-01 -3.220019188907131280e+01 -5.956957658839107239e+01 -7.850160317186443137e+01 -8.443716573339126796e+01 -7.798492513178713637e+01 -6.085421090084832230e+01 -3.213963779025925049e+01 -7.648436167356124915e-02 3.241554533734444021e+01 5.998568193377712987e+01 7.781952285412016579e+01
9.651901522453196769e-01 3.198719282909002359e+01 6.193746958312726036e+01 7.762853607644099441e+01 8.661639326075807332e+01 7.746762756529142280e+01 6.111121329341506225e+01 3.179904422615901183e+01 7.388369111658558142e-01 -3.312822736169542281e+01 -5.957754067863210423e+01 -7.801816273400463331e+01 -8.414223882387666720e+01 -7.820317017448488173e+01 -5.919876873183734034e+01 -3.304681979249204460e+01
7.017907985624329740e+03 5.096639679735610116e+03 -1.869306637494811412e+02 -5.081499500737419112e+03 -7.370241969490527481e+03 -5.064101592496785088e+03 -6.514205507898205383e+01 5.151703704556546654e+03 7.190745418964203054e+03 5.067888376957345827e+03 3.773456988597019546e+01 -5.029475510109250536e+03 -7.218967530958700991e+03 -5.020160737289286772e+03 -3.351624595605642298e+01 5.089182860438814714e+03
3.703657721434240102e+01 5.081023749328805025e+03 7.273033441906841290e+03 5.030756181723039845e+03 3.509566056625421027e+01 -5.067223912811335140e+03 -7.228018598331488647e+03 -5.114212326529063830e+03 2.050857113349367822e+01 5.065808766215406649e+03 7.371345240200121225e+03 5.004382683293443733e+03 3.019549542869679826e+01 -5.079214492710798368e+03 -7.204147696640769936e+03 -5.082264984732334597e+03
5.936560036183614284e+05 2.352257947621404892e+05 -4.486498175381142646e+05 -5.612622929764279397e+05 -1.716382916296063286e+03 5.648438730549913598e+05 4.384234900385907968e+05 -2.397073736226427427e+05 -6.146600723771755584e+05 -2.351441967459418520e+05 4.435942415188432205e+05 5.572640144026916241e+05 1.924266277888362083e+03 -5.614901739750723355e+05 -4.363680641089082346e+05 2.358852876816084317e+05
9.264437326895698561e+02 5.656205774763202062e+05 4.266698943318762467e+05 -2.409939688751664362e+05 -6.233816382198098581e+05 -2.368749065667202231e+05 4.360080804822926293e+05 5.712277082869327860e+05 -4.041749108558906300e+03 -5.619750477056178497e+05 -4.512696665897103958e+05 2.359761013678000891e+05 6.118702903944345890e+05 2.322525154975625628e+05 -4.350955996227183496e+05 -5.615613425406974275e+05
4.991847514077138901e+07 5.421844575566431740e+05 -5.313911455649881810e+07 1.481348184279713547e+06 5.230232216689701378e+07 9.016627984450045042e+05 -5.354729472906920314e+07 1.014447132877336117e+06 5.187951843390508741e+07 7.361540361200914485e+05 -5.450301546574658900e+07 8.557220810039648786e+05 5.177501780275958031e+07 3.415229720825295663e+05 -5.272485427085145563e+07 6.969204413186040474e+05
8.438747726488357875e+04 5.197839522214345634e+07 -1.153680191471238155e+06 -5.228642824210089445e+07 1.727358772446565854e+05 5.230124747893512994e+07 -1.251837750787178229e+05 -5.287729101899126172e+07 3.434733865241074818e+05 5.219150434803754091e+07 1.791055888232906000e+05 -5.139880797871738672e+07 -3.607728519706740626e+05 5.192962672608083487e+07 -1.830024293180142995e+05 -5.164258231626554579e+07
4.216489893746518612e+09 -1.639395268958792925e+09 -3.118375402447668552e+09 4.161934625418550491e+09 -1.974375645808843151e+07 -4.143411161506864071e+09 3.244328786517192364e+09 1.622424748204257488e+09 -4.410651523941782951e+09 1.638916602093338013e+09 3.280833355002522469e+09 -4.080417062140068531e+09 -8.040661679563906044e+06 4.061137660530543804e+09 -3.169453949196040154e+09 -1.600164031826581955e+09
2.720050839159333333e+07 4.052709750417769432e+09 -3.219331585183218956e+09 -1.586351643706625938e+09 4.445522781865142822e+09 -1.643286540701191902e+09 -3.197571883527372837e+09 4.168324429951919079e+09 -3.425257590177058242e+06 -4.149649269469107151e+09 3.267730236836604595e+09 1.594796628480783939e+09 -4.368015242708454132e+09 1.616240228311015606e+09 3.182995634349907398e+09 -4.086116579625091076e+09
3.510641126737789307e+11 -2.542731014697225342e+11 3.420618197954973698e+09 2.581275328032987061e+11 -3.745448608923717041e+11 2.622606368502164307e+11 -3.972606043621836662e+09 -2.591480057829189758e+11 3.703899741149000854e+11 -2.605673727451355896e+11 -8.490857727576379776e+08 2.550689410182840881e+11 -3.660350775089842529e+11 2.540612509914723816e+11 5.938077500708647966e+08 -2.533963132848930359e+11
3.134615354193307877e+09 2.592189490946802063e+11 -3.727739245073201904e+11 2.718134883571858521e+11 -2.261481796964184284e+09 -2.678324482020839844e+11 3.810159133259116821e+11 -2.711385944172963562e+11 8.429041405188657343e+07 2.698524435187015076e+11 -3.870693241954833984e+11 2.650224298979622498e+11 3.296763507596088052e+08 -2.623233728819811096e+11 3.749175160746467285e+11 -2.651088897007805481e+11
2.811608795049382031e+13 -2.672100978974705859e+13 2.119246034979519922e+13 -1.227959404069108789e+13 1.446555924691340027e+11 1.197348573648360156e+13 -2.155252332888474609e+13 2.784047454588392188e+13 -3.015191623043762109e+13 2.790998186525112891e+13 -2.206146823707798438e+13 1.202092941707171875e+13 -1.116225409578772583e+11 -1.159775716851600781e+13 2.102581451909412109e+13 -2.678172173896684766e+13
1.257740700233710938e+11 1.159414057702104297e+13 -2.106138465472675000e+13 2.775275612757090625e+13 -3.039816342092344531e+13 2.790953718794862109e+13 -2.190655857341527344e+13 1.232073216501484180e+13 -6.679075946866542053e+10 -1.212398179580866406e+13 2.201959834952562109e+13 -2.723062359992829688e+13 2.954559157558208203e+13 -2.686158546737376172e+13 2.108975955741558203e+13 -1.183486000459468750e+13
1.332363609967437500e+15 -1.369592570958218750e+15 1.387405691298653500e+15 -1.434378766490855000e+15 1.451468180692130000e+15 -1.439900242899246750e+15 1.433355168513497750e+15 -1.443792301844306500e+15 1.446394182845438250e+15 -1.447888677106896000e+15 1.456182409678571000e+15 -1.408638548663711750e+15 1.405374396905220250e+15 -1.372767207895797000e+15 1.372019652446712750e+15 -1.374397164143349500e+15
