9.996693534758864796e-01 9.996745209187276604e-01 9.997654596698609675e-01 9.995403121392532064e-01 1.000000000000000000e+00 9.995978308852817573e-01 9.998393540223680098e-01 9.995739589524254010e-01 9.997060141878036932e-01 9.998894952034728112e-01 9.996282367200058916e-01 9.999153231022265276e-01 9.994357460539510241e-01 9.998616653686301925e-01 9.996375635616306932e-01 9.999191164034064716e-01
1.000000000000000000e+00 9.290608936427510178e-01 6.986297995186895315e-01 3.879349940279382958e-01 -6.895724837069083964e-03 -3.776086782601020819e-01 -7.310720043328304829e-01 -9.207079777754955119e-01 -1.013654931048327823e+00 -9.197437887063357742e-01 -7.193790421065840990e-01 -3.745551979037680113e-01 -3.243125720199507557e-05 3.852499632498587734e-01 7.099295825389817516e-01 9.309036810254823768e-01
-5.368623051791691914e-03 3.804105413491851717e-01 7.047840876863782356e-01 9.184342339030405755e-01 1.000000000000000000e+00 9.110346923598640068e-01 7.112656164687982674e-01 3.776086937382251985e-01 5.459402847440221647e-03 -3.827029931798157647e-01 -6.986606407318746159e-01 -9.187724246428282671e-01 -1.003923614826156996e+00 -9.137423897927943184e-01 -7.088662295020791149e-01 -3.768791458260766780e-01
9.861842929494966103e-01 7.107162355359545325e-01 -1.365241452198389868e-02 -6.989199158714806126e-01 -1.000789838613125093e+00 -6.955878989990955663e-01 6.481993156659530964e-03 7.054130573751342670e-01 1.000000000000000000e+00 6.979784214732737135e-01 7.277853849964876186e-03 -7.060617391697459055e-01 -1.003069153915827183e+00 -6.982048544093313325e-01 -3.246274958320178369e-03 7.134792673267325025e-01
-7.300810083081859560e-03 7.060419672499116395e-01 9.914262230784367524e-01 7.047192739460262922e-01 -1.963797244249781190e-03 -7.010990203557401212e-01 -1.013971820840569027e+00 -7.013847639222910990e-01 -2.992109726863887396e-03 7.009547058168434930e-01 1.000000000000000000e+00 6.944509723659920697e-01 -3.019308742918064368e-03 -7.053032383079240741e-01 -1.000485421412406151e+00 -7.021127054476403728e-01
1.000000000000000000e+00 3.994003363688559127e-01 -7.284120782971456043e-01 -9.260774567902458898e-01 -7.187033549637649420e-03 9.356669498743800384e-01 7.179254691469785232e-01 -3.930139447232274263e-01 -1.011940624560008661e+00 -3.867283875646825297e-01 7.170373963072182999e-01 9.228092435042613007e-01 -4.075896884447520289e-03 -9.378377481950349592e-01 -7.125171308099929046e-01 3.969983598963289784e-01
-5.615383667227660976e-03 9.233573286298416560e-01 7.001887977900946858e-01 -3.849547615018069635e-01 -9.979732035424372372e-01 -3.808104838302259210e-01 7.252647839221373349e-01 9.239909415120158842e-01 -6.786521574221825691e-03 -9.072183523924213233e-01 -7.215681637579021146e-01 3.957233082520814071e-01 1.000000000000000000e+00 3.827582643914591021e-01 -7.117122719180101198e-01 -9.238012679551248496e-01
9.861013094494809339e-01 2.532781528091257797e-02 -1.027701365784788878e+00 1.807484985622595172e-02 9.917482496451345275e-01 1.032925431024888513e-02 -1.034629483520846938e+00 1.939861690952894221e-02 9.976441321853043442e-01 1.380545523217280302e-02 -1.028170585651381863e+00 2.718122717339081784e-02 1.000000000000000000e+00 3.141936694230725545e-03 -1.014188457689889189e+00 1.720727963557628151e-02
-8.140784852693845955e-03 1.000000000000000000e+00 -1.318075720086121436e-02 -9.817379924941707081e-01 -1.563793935425439666e-02 9.999356238545085152e-01 -2.025448428303485565e-02 -9.946753723379722079e-01 1.466297125765601839e-02 9.718499681034983295e-01 8.004603712717762304e-03 -9.816025173040263674e-01 3.556040869223153853e-03 9.957905664507930021e-01 -8.596594309982791976e-03 -9.931215167203993888e-01
1.000000000000000000e+00 -3.688259543689568210e-01 -7.355669115696849003e-01 9.567737603808118552e-01 5.500832817074114735e-03 -9.522608611698685221e-01 7.587398093963512169e-01 3.684792621829886539e-01 -1.007049553066155623e+00 3.729739717052233394e-01 7.405375900581769866e-01 -9.533323543885264817e-01 1.124684554206233957e-02 9.512304226207465296e-01 -7.405684011183280013e-01 -3.709591968519965755e-01
-6.820809802823088984e-03 9.548099218833461244e-01 -7.356831474551737138e-01 -3.741616046631059955e-01 1.000000000000000000e+00 -3.764673992109123790e-01 -7.335753831393896363e-01 9.557877019403868690e-01 -1.066062656244290419e-02 -9.356762580949999908e-01 7.296403316026764951e-01 3.614316185654001257e-01 -1.007892915972849579e+00 3.835936506297153437e-01 7.212856468757274930e-01 -9.503028263701882583e-01
9.928948076869456019e-01 -7.020676686076806616e-01 -2.379995262471742892e-03 7.143261471540373053e-01 -1.000767923761594513e+00 7.056434303355019200e-01 -8.987553892409809800e-03 -7.050142715354895673e-01 1.000000000000000000e+00 -7.050702592204356467e-01 2.869338890759095748e-03 6.932383364410100723e-01 -1.007707249357528090e+00 7.167588838388385675e-01 -1.257640733525603599e-02 -7.020662307816231129e-01
2.013480003611338497e-04 7.019639916871036611e-01 -9.827696760902933093e-01 7.019699585609477932e-01 1.944820508217461053e-03 -6.927298756060680240e-01 1.000000000000000000e+00 -7.096617140455769857e-01 8.608083738950982750e-03 6.904370174036277286e-01 -9.794271505953341395e-01 6.951352995077397789e-01 -4.583205185476485650e-03 -6.983157917706145357e-01 9.875546759565897448e-01 -7.093609437587218292e-01
1.000000000000000000e+00 -9.331474832270151287e-01 7.220971274523495520e-01 -4.081215325393574567e-01 -3.967536168489597839e-04 4.014011626957072476e-01 -7.318209398163170176e-01 9.376559305039622316e-01 -1.002405153725060671e+00 9.255572347098360853e-01 -7.163951616505708220e-01 4.002473116920774454e-01 -5.074544460837321922e-04 -4.057894719605859013e-01 7.222978593203850384e-01 -9.370987940756005941e-01
2.275289512306719400e-03 4.062031026763150976e-01 -7.191652332668894143e-01 9.328123453698661249e-01 -9.919398988435225162e-01 9.162582611552555489e-01 -7.309485782770396289e-01 4.124599230599046984e-01 -5.857633529885071695e-03 -3.974023278447804119e-01 7.097673028067069678e-01 -9.084458122944204517e-01 1.000000000000000000e+00 -9.333313994785562562e-01 7.291759175948389071e-01 -4.152540190994376545e-01
1.000000000000000000e+00 -1.006740352425743890e+00 9.890186901673737596e-01 -1.002829719483604443e+00 9.838917581780383115e-01 -9.812580289900622033e-01 9.982841848875702029e-01 -1.007192389532011401e+00 9.938277758055545918e-01 -9.869161877192359489e-01 9.657199990923710509e-01 -9.612775965380533361e-01 9.773612189582753240e-01 -9.912657374223546869e-01 9.898658596282688960e-01 -1.012732683112881782e+00
