1.000003842111640173e+00 9.999339155758250053e-01 9.999613485487530706e-01 9.999245728760640661e-01 1.000169133027317470e+00 9.999887853817465144e-01 9.999875367206880750e-01 9.999073921609406002e-01 9.999856232906959574e-01 1.000073356874412234e+00 1.000017455261239752e+00 1.000071559698644696e+00 9.998422062121793408e-01 1.000044355136718854e+00 9.999446488560410629e-01 1.000140151052085535e+00
8.380796005233882795e+01 7.771145478628254466e+01 5.962960636531391856e+01 3.198826049418720885e+01 4.229671786544587087e-01 -3.218673900362998808e+01 -5.958301014935136664e+01 -7.845578013674658280e+01 -8.456861448758583322e+01 -7.793976855751184019e+01 -6.089376232309970760e+01 -3.217744786098418075e+01 -3.785840078649872070e-02 3.238496513906805774e+01 6.003392960722874960e+01 7.779868772824023893e+01
9.622955467608648172e-01 3.199108449008893373e+01 6.197620014722254211e+01 7.764073970663888247e+01 8.666517794977795575e+01 7.749201832231049991e+01 6.112833626807520915e+01 3.181451876045507277e+01 7.090234546601680288e-01 -3.312628849943363463e+01 -5.958684108496061782e+01 -7.806307359498298126e+01 -8.412913589212907084e+01 -7.821944695427288252e+01 -5.922829736390616517e+01 -3.306211160653684544e+01
7.018994189263068620e+03 5.080357160639074209e+03 -1.837478689975672523e+02 -5.080218438777588744e+03 -7.366222460595396115e+03 -5.062213150046626652e+03 -6.330767817191470925e+01 5.136716320112727772e+03 7.194531204534600874e+03 5.060009952214029909e+03 4.143149338333218168e+01 -5.025487138487653283e+03 -7.214379876305093603e+03 -5.014752753263587692e+03 -2.908876472634371169e+01 5.075261854226389005e+03
4.719073310244203157e+01 5.068121272655576831e+03 7.272526950383818985e+03 5.026391884011711227e+03 3.344636575995555461e+01 -5.056848282609405942e+03 -7.228762161704264145e+03 -5.107356320504989526e+03 1.881793136202152184e+01 5.064331720763235353e+03 7.364170437630719789e+03 5.003562853610916136e+03 2.785927761432990835e+01 -5.070438958997464397e+03 -7.198569966895035577e+03 -5.081946293932432127e+03
5.931658195265893592e+05 2.338815616208376305e+05 -4.476826783846946782e+05 -5.602819832985377871e+05 -1.639226467128859667e+03 5.638122697122534737e+05 4.375989044537804439e+05 -2.385500737585728930e+05 -6.142313662606854923e+05 -2.341003643493511190e+05 4.422583155467043398e+05 5.564866324803766329e+05 1.553429189010804066e+03 -5.593735328294278588e+05 -4.361454774954200839e+05 2.352126008516644652e+05
1.733590102775183823e+03 5.636934467244467232e+05 4.260196134581808583e+05 -2.405033210676578165e+05 -6.225448630826633889e+05 -2.370911855171922653e+05 4.360538632523380802e+05 5.695775586681684945e+05 -3.431410642116015424e+03 -5.617377246291603660e+05 -4.498123185435839114e+05 2.349160907993594592e+05 6.111627218046365306e+05 2.317092636066973209e+05 -4.345437074614539160e+05 -5.605178167293900624e+05
4.987092356801528484e+07 4.447518450176328188e+05 -5.295405933303615451e+07 1.458359062735761749e+06 5.220777192180593312e+07 9.405731605342011899e+05 -5.344339141771052033e+07 9.279005807395989541e+05 5.188593210407877713e+07 6.072565646811689949e+05 -5.424851930740482360e+07 8.082962582123586908e+05 5.162304938693358004e+07 3.637025648001093650e+05 -5.258282670158503950e+07 6.282779393843616126e+05
1.977806225841316627e+05 5.169505295087503642e+07 -1.130016897219566396e+06 -5.212425412875749916e+07 1.357198185928351886e+05 5.213947339811725169e+07 -8.250188782278122380e+04 -5.270661495766038448e+07 2.963350411871391698e+05 5.208375103712174296e+07 2.079337748516576830e+05 -5.132615877065725625e+07 -2.330371215148026240e+05 5.161127541797751188e+07 -8.508464904555617250e+04 -5.154316436626729369e+07
4.202112711203301430e+09 -1.634195666702368498e+09 -3.106909989698691845e+09 4.149427056621729374e+09 -2.202770379153316468e+07 -4.123984889188008308e+09 3.228289590372787476e+09 1.621709320575987101e+09 -4.400534968101716042e+09 1.639161894067622900e+09 3.265042470884566307e+09 -4.060240162135756016e+09 -8.020696722210187465e+06 4.041783743209918499e+09 -3.155110322165650368e+09 -1.596973679787877798e+09
3.388537066449384391e+07 4.030980185253132343e+09 -3.205676374572342873e+09 -1.580978307620392799e+09 4.430568934738506317e+09 -1.631733733018624544e+09 -3.193446903317361832e+09 4.156792061131393433e+09 -4.499298766080981120e+06 -4.133607259863242626e+09 3.253068793993239403e+09 1.589668265389823675e+09 -4.350170441346466064e+09 1.605656955020836115e+09 3.176162853574741364e+09 -4.074707600644390583e+09
3.491852905899704590e+11 -2.530942426647469788e+11 3.492940201083008766e+09 2.569342206703104248e+11 -3.726711443960348511e+11 2.604355857435857544e+11 -3.275830177691141605e+09 -2.585089495585712585e+11 3.693232092650638428e+11 -2.597955839410419617e+11 -6.870804176606903076e+08 2.535960551532515564e+11 -3.641042681879528198e+11 2.526051257965307312e+11 6.335898619488921165e+08 -2.521209547659824524e+11
3.420532074989078522e+09 2.576447819911822815e+11 -3.709081933430524902e+11 2.707143839164924622e+11 -2.477324968804492950e+09 -2.664755235872942810e+11 3.794037234303944092e+11 -2.698843546482242737e+11 -6.309554232246243395e+06 2.685989224207263184e+11 -3.850580728768602905e+11 2.633616879409482117e+11 5.472732178109289408e+08 -2.612775108673136902e+11 3.735300257592744141e+11 -2.641227410725647278e+11
2.793837643239760938e+13 -2.656053689846369531e+13 2.106818956430916797e+13 -1.220541616123223242e+13 1.410053179974940491e+11 1.192487904183614062e+13 -2.146026365579735938e+13 2.771347116307352734e+13 -3.001522284013966016e+13 2.777374808534591797e+13 -2.191481854220090625e+13 1.191792536429475586e+13 -8.449977767506344604e+10 -1.155660444583321289e+13 2.093750252803382422e+13 -2.663338881366574219e+13
1.559331277284637146e+11 1.149561165512746289e+13 -2.090364987720534766e+13 2.756545234813671484e+13 -3.019842706768454297e+13 2.770540350745921875e+13 -2.176459105054109766e+13 1.225192226734455664e+13 -6.997186266261053467e+10 -1.204215544655462500e+13 2.185911061233155469e+13 -2.703374156063121875e+13 2.938449759477989062e+13 -2.673242217819759375e+13 2.100472118451342969e+13 -1.179704810393715625e+13
1.323100685038486250e+15 -1.360341993819534250e+15 1.376796562643399500e+15 -1.423658727584073000e+15 1.440792882199037250e+15 -1.428285215714143250e+15 1.423892139812061250e+15 -1.434509674775447500e+15 1.435978372553446750e+15 -1.436521328263131500e+15 1.443796679699884000e+15 -1.397169795814290500e+15 1.397732743069400000e+15 -1.367627397169950500e+15 1.367615245144060750e+15 -1.367057611243086750e+15
