9.998344532658453021e-01 9.997648970354181541e-01 9.997920729188444211e-01 9.997552690837043787e-01 1.000000000000000000e+00 9.998195460559073933e-01 9.998181745690056799e-01 9.997384161540986414e-01 9.998162287164181761e-01 9.999039644231710877e-01 9.998484760336018295e-01 9.999021394389527861e-01 9.996730780344740275e-01 9.998751539680782452e-01 9.997753598724903323e-01 9.999710805512934675e-01
1.000000000000000000e+00 9.290147218784903238e-01 7.105698151178970745e-01 3.831299861421397779e-01 2.602402063988372080e-03 -3.837714681264354777e-01 -7.144310273376760501e-01 -9.362914195070793921e-01 -1.012904484500100510e+00 -9.298683149512603219e-01 -7.289599016176013802e-01 -3.837853903627772012e-01 -1.450861848204391394e-03 3.874084790518330101e-01 7.159224657270322201e-01 9.301777447509171903e-01
1.211706250639558134e-02 3.684910131646584874e-01 7.158631560461683474e-01 8.955519263047759804e-01 1.000000000000000000e+00 8.939463758103001201e-01 7.070010186225554882e-01 3.663182653877315453e-01 9.920921690472241095e-03 -3.825347074684049553e-01 -6.855557289305974633e-01 -9.016804697867825125e-01 -9.694624782011939113e-01 -9.031278837085040534e-01 -6.824237137092767913e-01 -3.822002182972491502e-01
9.740791263116583831e-01 7.041044159041528472e-01 -2.572887118040778631e-02 -7.049192400697331662e-01 -1.021335584295898213e+00 -7.030292857234812232e-01 -8.128694137746932460e-03 7.125914172759584275e-01 1.000000000000000000e+00 7.016518523030433885e-01 6.888825927164821811e-03 -6.974394998659501077e-01 -1.000376978659334171e+00 -6.957742554661363599e-01 -3.778451013338327349e-03 7.035613497439074937e-01
6.406793961918576946e-03 6.891982887775931488e-01 9.879110372576630494e-01 6.837896859898323632e-01 2.667166394216793652e-03 -6.875070899327133667e-01 -9.851705689409938627e-01 -6.936525253671905755e-01 7.443230334790019824e-04 6.883819418321791561e-01 1.000000000000000000e+00 6.805784619688793891e-01 3.421916763980951959e-03 -6.884025722990280149e-01 -9.793218620389092521e-01 -6.904324257886508276e-01
1.000000000000000000e+00 3.940130024022862609e-01 -7.551898401013608098e-01 -9.439532139626504170e-01 -1.712959020962655449e-03 9.513297831487257383e-01 7.387715132211016833e-01 -4.021164733882626741e-01 -1.037395271567126631e+00 -3.945062378461385300e-01 7.445114596764184078e-01 9.381806290384123725e-01 2.448869548974686675e-03 -9.421808238120010781e-01 -7.354209844815678965e-01 3.963097770702159739e-01
4.139861227404363457e-03 9.212079067656365750e-01 6.975165119828754534e-01 -3.940708194656559193e-01 -1.018084981432867631e+00 -3.882408645978154271e-01 7.148215657893551844e-01 9.325360019926114408e-01 -4.501370270583021464e-03 -9.189637018304948057e-01 -7.356489709712644709e-01 3.840552042995922788e-01 1.000000000000000000e+00 3.793070037145361839e-01 -7.110319086256263743e-01 -9.177590615409990660e-01
9.559493557825075039e-01 8.707431382339522741e-03 -1.015744228741755073e+00 2.882379851785653660e-02 1.000000000000000000e+00 1.809841162001380940e-02 -1.026076127939125948e+00 1.712343648765055765e-02 9.978516747622496741e-01 1.049909681808416234e-02 -1.038247052516644287e+00 1.450822031322945155e-02 9.899309022038794703e-01 7.493148319612803060e-03 -1.008728343904419233e+00 1.214954704832940484e-02
5.834372549594316233e-03 9.887729156127691432e-01 -2.255743112826372881e-02 -9.967838457475969305e-01 2.580545933778732783e-03 1.000000000000000000e+00 -1.739410830780649181e-03 -1.010270824599823536e+00 5.269060123076343277e-03 9.968067777021802911e-01 4.080589687312638145e-03 -9.823851720670581100e-01 -4.229480460765562728e-03 9.870206671014656319e-01 -4.391364018662513406e-04 -9.883542204115535190e-01
1.000000000000000000e+00 -3.889690423614884374e-01 -7.392175476896957198e-01 9.876092163328832330e-01 -6.141923820939214698e-03 -9.823519896624987036e-01 7.687627024363197226e-01 3.875566228728782869e-01 -1.050206845266696609e+00 3.903970391915657645e-01 7.763004376767292936e-01 -9.656551579298645605e-01 -1.899382579853646025e-03 9.616389838580288174e-01 -7.508280566922721500e-01 -3.802055585076706823e-01
8.794173905743267461e-03 9.103554245027087877e-01 -7.249418324995241525e-01 -3.562365956176559156e-01 1.000000000000000000e+00 -3.686342267825504226e-01 -7.234874872824851311e-01 9.409831830280426246e-01 -8.399898577467897979e-04 -9.335820535211164506e-01 7.346409642038526089e-01 3.593466083242498610e-01 -9.830186114077774651e-01 3.622529556866155298e-01 7.185778345841985493e-01 -9.217372500247600353e-01
9.429933671249707272e-01 -6.838274776360082630e-01 1.006776624138332014e-02 6.932230051862086073e-01 -1.005567256813204136e+00 7.040936106543413953e-01 -8.134483334668042923e-03 -6.998536953641398828e-01 1.000000000000000000e+00 -7.014500066034512482e-01 -1.771849287803611709e-03 6.848396150995524900e-01 -9.837227600274094375e-01 6.825244712542964942e-01 1.577852027253742045e-03 -6.809665236648412279e-01
9.478566141654124963e-03 6.778998080005418370e-01 -9.765147315136645245e-01 7.129905624362573580e-01 -7.358389253701296852e-03 -7.019523701425174345e-01 1.000000000000000000e+00 -7.110888351217435899e-01 -3.095568503741007822e-04 7.062694027523653828e-01 -1.012408855977581457e+00 6.923027053929514674e-01 1.804460958374607673e-03 -6.880427821652037590e-01 9.836862540077989658e-01 -6.955995388273289448e-01
1.000000000000000000e+00 -9.509236395608191561e-01 7.545324286790978663e-01 -4.373974978354373544e-01 5.519640034371313224e-03 4.277444750931545525e-01 -7.700142681227198915e-01 9.941085410813341738e-01 -1.076932752154256434e+00 9.938214604117380224e-01 -7.840587901575923890e-01 4.261317051679539003e-01 -2.486651650628114198e-03 -4.144345580862577316e-01 7.503691853142988588e-01 -9.537840184435767421e-01
5.890723278198371077e-03 3.906464073151777461e-01 -7.107837140099454443e-01 9.373636614686174928e-01 -1.026780709907478828e+00 9.443072094700623031e-01 -7.418868909224272112e-01 4.175331055427105031e-01 -2.286776739562419898e-03 -4.094012886033083776e-01 7.431463485828609938e-01 -9.190903936321489498e-01 1.000000000000000000e+00 -9.103256590474863019e-01 7.158939897913914052e-01 -4.022639478747768726e-01
9.163599876776172826e-01 -9.424225013760527681e-01 9.535237472998504549e-01 -9.859703565427104799e-01 9.976650620647653511e-01 -9.916514905385368506e-01 9.891736335979786077e-01 -9.962049981013205713e-01 9.973764412453441919e-01 -9.952457894690475149e-01 1.000000000000000000e+00 -9.676700691206796545e-01 9.694776141952805570e-01 -9.494878715709600403e-01 9.494821670206484709e-01 -9.477737902141093462e-01
