9.998349985062042755e-01 9.997647970772520765e-01 9.997927263228073569e-01 9.997557593776248419e-01 1.000000000000000000e+00 9.998198667718970478e-01 9.998189135554618190e-01 9.997381862376437667e-01 9.998170254971154858e-01 9.999043224405156360e-01 9.998483985160572241e-01 9.999027975461940443e-01 9.996733280446811198e-01 9.998755944642122584e-01 9.997756232746329852e-01 9.999712737792417760e-01
1.000000000000000000e+00 9.285235827742653880e-01 7.118842286049790191e-01 3.813951428070108118e-01 5.546150808890251346e-03 -3.844917105369606292e-01 -7.113003698032789313e-01 -9.373613606845608848e-01 -1.008235925971085356e+00 -9.311918811947934582e-01 -7.266397580253347588e-01 -3.837686543169082087e-01 -9.132741553374408789e-04 3.870631739612102606e-01 7.162689444180581066e-01 9.292168679748110671e-01
1.114327341407094982e-02 3.692972152834024802e-01 7.150779113679430754e-01 8.962337630792452936e-01 1.000000000000000000e+00 8.943760487933923864e-01 7.055386514356487559e-01 3.671250098168853948e-01 8.529989339796130443e-03 -3.824706399626121023e-01 -6.878321578142179149e-01 -9.007320646466019376e-01 -9.714354945554823928e-01 -9.028680048943479308e-01 -6.834591756045514943e-01 -3.815307766626210850e-01
9.759639059277431805e-01 7.087776555535127976e-01 -2.599600637459471147e-02 -7.066721465810685832e-01 -1.024962161788253168e+00 -7.042526605296294262e-01 -9.059151907559188921e-03 7.164352795705883903e-01 1.000000000000000000e+00 7.047792797102465645e-01 5.247657605350977000e-03 -6.994372929467062017e-01 -1.003924782529509008e+00 -6.981419094673525505e-01 -4.661025248879454436e-03 7.077406532870816891e-01
5.024398669100582464e-03 6.892939597536558161e-01 9.866629773684821858e-01 6.824746389963498583e-01 4.761093046471042388e-03 -6.874218677449663861e-01 -9.805562435080382722e-01 -6.937963370157141929e-01 2.782201954352758050e-03 6.872298883233255440e-01 1.000000000000000000e+00 6.788967983756493130e-01 4.096334447072653290e-03 -6.890485151897328686e-01 -9.773179062828954988e-01 -6.894623463049681655e-01
1.000000000000000000e+00 3.962324870437225477e-01 -7.557403863577095704e-01 -9.454335331496821482e-01 -2.891207881053385002e-03 9.514666231154763620e-01 7.385143708921982908e-01 -4.037816044335691967e-01 -1.035380874834573195e+00 -3.960950370462470449e-01 7.472243838436996022e-01 9.386985240714169620e-01 3.241382662956102459e-03 -9.458173934951608075e-01 -7.350520527868399379e-01 3.973433878270857811e-01
1.514117856731284377e-03 9.244125533725455757e-01 6.973208227790056446e-01 -3.938644720269269262e-01 -1.018813379250616435e+00 -3.871325512700113936e-01 7.125825315055343001e-01 9.335764740574312714e-01 -6.605565218656788730e-03 -9.184545426177623817e-01 -7.375250501193725272e-01 3.856636039897949897e-01 1.000000000000000000e+00 3.795780235511089229e-01 -7.110912336375073695e-01 -9.177784104841794077e-01
9.544217746485756937e-01 1.036635535658492202e-02 -1.015999144109349439e+00 2.832279950310280514e-02 1.000000000000000000e+00 1.723944102458382921e-02 -1.023803389803601416e+00 1.939583350888760688e-02 9.919161575342150261e-01 1.407497804344173646e-02 -1.042076397522602393e+00 1.636107242568218476e-02 9.899181462258060948e-01 6.529786019686234511e-03 -1.008078649024533480e+00 1.332484701338359015e-02
1.613488804428068590e-03 9.938270639352970726e-01 -2.205836853004117942e-02 -9.997166561497370374e-01 3.302710462388640765e-03 1.000000000000000000e+00 -2.393514134230486333e-03 -1.011013954118171743e+00 6.567212123619899262e-03 9.979017110262659029e-01 3.424499365821574975e-03 -9.827453541986506114e-01 -6.897977951978661280e-03 9.928946101523874468e-01 -3.499006967122924097e-03 -9.874063202233394065e-01
1.000000000000000000e+00 -3.888056915279655135e-01 -7.395666729979680776e-01 9.870614492853690969e-01 -4.682510086735989022e-03 -9.826683487732206235e-01 7.694382930524416020e-01 3.847808933706867718e-01 -1.046048166861072160e+00 3.886921689351176545e-01 7.780958659164178837e-01 -9.677284103518758451e-01 -1.906956231885915650e-03 9.631560285614871875e-01 -7.516806701936274981e-01 -3.795014507682770155e-01
6.118629849914123016e-03 9.116385067129120223e-01 -7.241739033069427567e-01 -3.568425405844087295e-01 1.000000000000000000e+00 -3.696497850387220896e-01 -7.192791580264524809e-01 9.376454996375198636e-01 -7.704960154854888308e-04 -9.334446077741389569e-01 7.350609584471887725e-01 3.587422012516778835e-01 -9.825650338644378312e-01 3.635658408734806502e-01 7.160002974980739232e-01 -9.191532200203322844e-01
9.478229358467300525e-01 -6.865010373926684339e-01 9.235180315366339765e-03 6.969074511806951921e-01 -1.011217600550339712e+00 7.080662414713729813e-01 -1.072546861754276187e-02 -6.996625823962709934e-01 1.000000000000000000e+00 -7.034946703614174401e-01 -2.292410248918454359e-03 6.886496904453417445e-01 -9.882424014950121904e-01 6.859290713756174274e-01 1.603196067846743072e-03 -6.841338345899341533e-01
8.226993268682808794e-03 6.803362800045327230e-01 -9.783683869089701002e-01 7.133914328787712700e-01 -5.935399855674186077e-03 -7.029429449918713768e-01 1.000000000000000000e+00 -7.116201316908541408e-01 2.212254425703910577e-04 7.082445485364186055e-01 -1.015887553925848286e+00 6.955678769019512098e-01 8.652561198345847578e-04 -6.884840336251155657e-01 9.839943765129606223e-01 -6.957947960404816667e-01
1.000000000000000000e+00 -9.503814981940879036e-01 7.537485437913841180e-01 -4.367461811299183094e-01 5.144940246446814969e-03 4.258588804234162417e-01 -7.665548410160740733e-01 9.901973060727654596e-01 -1.072407949624017531e+00 9.926694607868065123e-01 -7.846563958657166715e-01 4.275463015423021651e-01 -3.970059460420657937e-03 -4.124954079293349785e-01 7.478214805742501303e-01 -9.525408295109727419e-01
4.256948780383091463e-03 3.924152456843343906e-01 -7.128435591092684431e-01 9.393196970375484733e-01 -1.028856144009178353e+00 9.446261083164239070e-01 -7.414493129161076057e-01 4.170074622976002732e-01 -2.260599835945223055e-03 -4.103482499172064202e-01 7.452752568245643028e-01 -9.216476011410450475e-01 1.000000000000000000e+00 -9.091571376615619204e-01 7.138039359768713066e-01 -4.005626346766261170e-01
9.149702682245252072e-01 -9.405364066034380688e-01 9.527691600154002405e-01 -9.850268461953686217e-01 9.967626109509991617e-01 -9.888185939679643432e-01 9.843239136708759052e-01 -9.914913765254179667e-01 9.932781588569707942e-01 -9.943044686458575310e-01 1.000000000000000000e+00 -9.673503396972403801e-01 9.651087580541741762e-01 -9.427165159884147716e-01 9.422031493633851174e-01 -9.438358512013105273e-01
