2.009733491955253637e+00 2.019722679272456745e+00 1.991414582760727470e+00 2.005094437699834309e+00 2.010081628636011253e+00 1.993193733814358160e+00 2.006329167323233520e+00 2.017181424489988384e+00
1.563284247999253296e+02 6.543792805004568436e+01 -6.554252992096316177e+01 -1.574820764020196577e+02 -1.566836153984637861e+02 -6.512839118638562752e+01 6.597340769013396766e+01 1.574023744391709840e+02
6.537984519976357944e+01 1.577502066551188591e+02 1.552126405231871615e+02 6.570839136294337379e+01 -6.522390038346659935e+01 -1.556277284938898902e+02 -1.565756059046662756e+02 -6.602063641183011100e+01
1.014629219223337532e+04 -1.029322314665559134e+04 -1.006586711838102383e+04 1.027257322903075692e+04 1.016173194984524889e+04 -1.009683233277236104e+04 -1.018887262448035654e+04 1.027162521769301020e+04
1.018439690670457276e+04 1.022871453828379344e+04 -1.014406052590304898e+04 -1.026059418797760009e+04 1.019689941087808256e+04 1.009934668948631952e+04 -1.024642197561195280e+04 -1.028167532003070846e+04
4.643782339482823154e+05 -1.137348317576608621e+06 1.122973579083070857e+06 -4.758436461509589572e+05 -4.645241776669898536e+05 1.118304055266112555e+06 -1.136848852659880416e+06 4.761883361296034418e+05
1.132246889903364237e+06 -4.770863728572127875e+05 -4.614780834424476488e+05 1.140531378386538941e+06 -1.131697771354277618e+06 4.652239015799736371e+05 4.689074246108129155e+05 -1.145533891899022972e+06
-1.849420522657624097e+05 1.859859278872597206e+05 -1.828254993215823488e+05 1.865009985884317139e+05 -1.847305844023495447e+05 1.827361908151772805e+05 -1.857979917432536022e+05 1.874409380935037334e+05
5.212322401191678643e+07 -5.241597314189400524e+07 5.152171362927855551e+07 -5.255384497048465908e+07 5.205343928840196878e+07 -5.149289892619252950e+07 5.235929005892957002e+07 -5.282595348099344969e+07
2.433322373573200366e+03 -2.354953548046047672e+03 2.314818314357687086e+03 -2.454178835656297906e+03 2.560026466382296803e+03 -2.622900992303613748e+03 2.666249419236562062e+03 -2.596861965287623661e+03
-3.631197880404497482e+02 4.578735442402399372e+02 -5.795459053461966050e+02 6.837117148795857702e+02 -6.765670963590314386e+02 5.775847118766272388e+02 -4.562188493386794335e+02 3.673634153731701417e+02
-3.545064256014982362e+01 3.566270547269675717e+01 -3.506309683318377068e+01 3.576569822972245305e+01 -3.541659152720401238e+01 3.502243473900716708e+01 -3.560201107951339594e+01 3.591912364156528525e+01
4.281960807612583864e+01 -4.306623047603068244e+01 4.234233197852528718e+01 -4.319997915169153657e+01 4.279033295452756391e+01 -4.232270082797631972e+01 4.302381333289052634e+01 -4.339862338948834264e+01
6.910277094079931848e-01 -6.946163782443548484e-01 6.827037885153176555e-01 -6.965867531851135386e-01 6.903026606368111162e-01 -6.831567414841397401e-01 6.947117387886664330e-01 -7.006968918886902209e-01
-9.660612315060554955e-01 9.714556939819934955e-01 -9.547264178557883785e-01 9.736606297514387443e-01 -9.642783042007808669e-01 9.539259802692091617e-01 -9.701341922304221876e-01 9.789730696797052101e-01
9.357440203749149352e-03 -9.409955803748381448e-03 9.246302769744529915e-03 -9.427100212345336516e-03 9.334281904677077871e-03 -9.233818703642282869e-03 9.392349749222669505e-03 -9.480507096311489162e-03
