9.996700011584797041e-01 9.996746436421154458e-01 9.997655151819110353e-01 9.995410566147673315e-01 1.000000000000000000e+00 9.995980129458297281e-01 9.998400358959865786e-01 9.995742902533303331e-01 9.997059191922186283e-01 9.998906231413189349e-01 9.996283589621486332e-01 9.999150242043207681e-01 9.994371963925767766e-01 9.998614545810711185e-01 9.996378215949591750e-01 9.999199352644090322e-01
1.000000000000000000e+00 9.348873040584257943e-01 6.983521531460764598e-01 3.906513056943355933e-01 -8.528831090428836900e-03 -3.800103892755770651e-01 -7.315873876714219515e-01 -9.249979031805454222e-01 -1.016940633933573590e+00 -9.234239938183829155e-01 -7.215463947710363257e-01 -3.758486585092279397e-01 -1.721537779080754534e-03 3.881384833194254091e-01 7.079313757021351572e-01 9.372877661045581066e-01
-3.757076146988051757e-03 3.809075374007431236e-01 7.073482134112212272e-01 9.226224168188523755e-01 1.000000000000000000e+00 9.152253138587895798e-01 7.116052518038127328e-01 3.798898520904557263e-01 5.117024511216444575e-03 -3.823443101941870204e-01 -7.022103388091264220e-01 -9.205709655716303175e-01 -1.001282307017955064e+00 -9.217207989767691734e-01 -7.066887845796990808e-01 -3.803332837668149113e-01
9.880701685642467869e-01 7.076953178599451055e-01 -1.086933021527059819e-02 -7.033958636281149035e-01 -9.960915987735725619e-01 -6.970343876851232690e-01 8.031711107072504047e-03 7.039275278044322404e-01 1.000000000000000000e+00 6.993916991697384233e-01 4.281983316875203650e-03 -7.040501464547056498e-01 -9.994467058366808265e-01 -7.018278651507676713e-01 -6.050497004092222388e-04 7.109469692934864415e-01
-5.729868515152877761e-03 7.060372951648811179e-01 9.903242408011060371e-01 7.077370293624078990e-01 -5.693590745785889751e-03 -6.994939985960618722e-01 -1.015310774874652822e+00 -7.017963151246512377e-01 -3.625801401613480864e-03 7.006355632368040931e-01 1.000000000000000000e+00 6.947720927110936362e-01 -4.046737653222895817e-03 -7.044593674958044005e-01 -9.995585301682031742e-01 -7.039216620305274175e-01
1.000000000000000000e+00 3.961777207577829030e-01 -7.245410500829303491e-01 -9.287965946155450903e-01 -2.598159884426361633e-03 9.312025275766133703e-01 7.182375444411109866e-01 -3.916352424136758104e-01 -1.010921508571271943e+00 -3.873436878766087221e-01 7.177365924215762805e-01 9.196146797668238726e-01 -3.481919027248195006e-03 -9.352109451704083698e-01 -7.122288364944456829e-01 3.957547142581964161e-01
-4.351674841758613153e-03 9.229299064841103295e-01 6.994445070406727361e-01 -3.867413763868637333e-01 -9.955252798520722868e-01 -3.808553523552276610e-01 7.255704133841213155e-01 9.229599715516867420e-01 -3.953274392053503922e-03 -9.097301921204301589e-01 -7.175633809261368068e-01 3.931691829091002455e-01 1.000000000000000000e+00 3.826297169821599731e-01 -7.099605698754872796e-01 -9.242365765217402940e-01
9.861199683449627384e-01 2.169271106620285217e-02 -1.022142561582107811e+00 1.682679083468788944e-02 9.907606210631413335e-01 1.128470813636440681e-02 -1.036247881708810104e+00 1.950894384083889585e-02 9.966025180206483647e-01 1.402956650950678771e-02 -1.026768677528209661e+00 2.566044299978384804e-02 1.000000000000000000e+00 4.742310072436225869e-03 -1.013851190865078911e+00 1.716693161048106486e-02
-7.324113047282037811e-03 1.000000000000000000e+00 -1.292070284852220134e-02 -9.862005524117644084e-01 -1.042241148015003033e-02 9.963516727825479924e-01 -1.675201659482323385e-02 -9.957862476626146986e-01 1.144013928800440179e-02 9.741843702417400941e-01 9.383248936916849942e-03 -9.866993660730505322e-01 7.194210690376284280e-03 9.940192891489285643e-01 -8.011048174040524827e-03 -9.937509722336086426e-01
1.000000000000000000e+00 -3.715881615753114930e-01 -7.319171747896265900e-01 9.565716332386774434e-01 3.346217993856625324e-03 -9.490522789860290631e-01 7.560530295518321786e-01 3.686074896541751134e-01 -1.005280137361022952e+00 3.725648300453106576e-01 7.372794894845081659e-01 -9.485115320723277454e-01 7.828506283131928326e-03 9.515064271172516408e-01 -7.398088083650189439e-01 -3.707482891616194487e-01
-4.865659599972351791e-03 9.547727841097638501e-01 -7.360226681110968450e-01 -3.738240547702859073e-01 1.000000000000000000e+00 -3.758290327321410773e-01 -7.367362290892509602e-01 9.574622949332632915e-01 -8.741723260142041443e-03 -9.384861269321811417e-01 7.310513243147690465e-01 3.630754552882149433e-01 -1.009969631432610537e+00 3.833031335890869640e-01 7.230871119478403664e-01 -9.527214520211987336e-01
9.923342607218779143e-01 -7.033406870664745680e-01 -3.324192761226559120e-04 7.116936947902415822e-01 -9.966511439844175646e-01 7.030837731334899088e-01 -6.539621747602755546e-03 -7.060313829582781642e-01 1.000000000000000000e+00 -7.050403080758285146e-01 3.843627518547811962e-03 6.916512725474766032e-01 -1.004950324993086896e+00 7.141914711236909685e-01 -1.071762531503142081e-02 -7.024885541079644025e-01
5.649641443742808074e-04 7.023217849553275993e-01 -9.833541258442243249e-01 7.049283987191010681e-01 -1.646251385394414783e-04 -6.921459720080057609e-01 1.000000000000000000e+00 -7.096247540863173109e-01 7.354591395283515722e-03 6.913033890333140086e-01 -9.798171109117917998e-01 6.948577245458373852e-01 -4.451269693374823588e-03 -6.989971851055435392e-01 9.879886932303449942e-01 -7.102271319664661409e-01
1.000000000000000000e+00 -9.346569280064651597e-01 7.234453371627993512e-01 -4.110479330823723076e-01 1.755724963334887295e-03 3.999029431342598362e-01 -7.309902364167999433e-01 9.374904349718329311e-01 -1.002611969970593764e+00 9.263068829639862223e-01 -7.184585684548548956e-01 4.026542112249176797e-01 -2.686075630336411547e-03 -4.046728897270043257e-01 7.218803222024934296e-01 -9.377544906485585363e-01
1.900159547279322994e-03 4.063324357220807204e-01 -7.187490010505288573e-01 9.340249760257310907e-01 -9.921406698016215220e-01 9.187657272313486390e-01 -7.331657908490790687e-01 4.133456988552779432e-01 -6.098276036478372970e-03 -3.974212018679281200e-01 7.105735063213922675e-01 -9.091785475129168237e-01 1.000000000000000000e+00 -9.325535303824212807e-01 7.281582934931463136e-01 -4.150618723037952651e-01
9.960195589635129076e-01 -1.005838762764600158e+00 9.887685909593809663e-01 -1.005148358487595983e+00 9.854850497060418935e-01 -9.843488762405346870e-01 1.000000000000000000e+00 -1.008200400785598250e+00 9.948871755217647550e-01 -9.895376992084815582e-01 9.715085555891511682e-01 -9.710288132052042886e-01 9.880750690757673649e-01 -9.979020926379300604e-01 9.921028510280012203e-01 -1.010532836430201753e+00
