2.011365993080536985e+00 2.020912921753967861e+00 1.992756598118168965e+00 2.004843011095114313e+00 2.010214011086717711e+00 1.993531742636590831e+00 2.005200030353082141e+00 2.017450104529005195e+00
1.561671703502156561e+02 6.528306860982618787e+01 -6.548866227959882735e+01 -1.572280530819705007e+02 -1.564685905481367740e+02 -6.502410845380013882e+01 6.571717655749841924e+01 1.571304208447957365e+02
6.537184346844901484e+01 1.576863985905965251e+02 1.549411093653683054e+02 6.564272557074747283e+01 -6.510355513821045292e+01 -1.551941257184946323e+02 -1.562554061774351339e+02 -6.598730168807283292e+01
1.012305737614595819e+04 -1.027732997081199028e+04 -1.003770145464509187e+04 1.024597319642383809e+04 1.013000336563292512e+04 -1.006155711779375088e+04 -1.016227190165031607e+04 1.024286091388131172e+04
1.016177365833923795e+04 1.020512185359658724e+04 -1.012396401860001788e+04 -1.024036806048004473e+04 1.015953828919084117e+04 1.006518249247116364e+04 -1.021462686937798389e+04 -1.025411610774067594e+04
4.626911906647950527e+05 -1.134015746129933512e+06 1.119540802278419957e+06 -4.740969594472577446e+05 -4.627952034188931575e+05 1.113995309182167519e+06 -1.132016478916250868e+06 4.740510149126647157e+05
1.127917324065622874e+06 -4.755483627942422172e+05 -4.597048055265825242e+05 1.136708027277452638e+06 -1.126453313269437058e+06 4.634845352926195483e+05 4.668869083326827968e+05 -1.140092573250708170e+06
-1.886793050580871350e+05 1.901096285885191464e+05 -1.869357197962214414e+05 1.905711382810618379e+05 -1.884640325121011119e+05 1.866156874295841262e+05 -1.894981158521979523e+05 1.911630374095732695e+05
5.185007881891661137e+07 -5.224171567063258588e+07 5.136727161207950115e+07 -5.236441656781806797e+07 5.178516558355824649e+07 -5.127868895684095472e+07 5.207301355343424529e+07 -5.253234677575787902e+07
1.357704775207505236e+03 -1.275945688141465553e+03 1.254653201601792489e+03 -1.371919800252743244e+03 1.485793706076329045e+03 -1.561606406253897603e+03 1.585205592659253398e+03 -1.506169432941011564e+03
-4.229777563064749870e+02 5.189506509552940088e+02 -6.394294544504022042e+02 7.441733380953135111e+02 -7.352534608568385011e+02 6.365420628290098648e+02 -5.158123887366832605e+02 4.278918044994100569e+02
-1.417575031097016414e+01 1.429054995596002264e+01 -1.405728533407162928e+01 1.433149385814229682e+01 -1.416887732711059122e+01 1.402269309609802050e+01 -1.423311719330831338e+01 1.435733867083981963e+01
3.836542736382849483e+01 -3.866089865021373839e+01 3.802329513198439770e+01 -3.876936691663316736e+01 3.834150864788455948e+01 -3.796012623446627998e+01 3.853851851108647963e+01 -3.887128398741228352e+01
6.608903671900284715e-01 -6.655970133776197839e-01 6.543855844961187218e-01 -6.672749980755572352e-01 6.602230035354630377e-01 -6.540460415675957151e-01 6.642472239551534541e-01 -6.699199166939903138e-01
-9.003455090793043292e-01 9.070910220181782613e-01 -8.917305038441207810e-01 9.088412409181593210e-01 -8.986873358704255965e-01 8.899524559537774770e-01 -9.039177128326212340e-01 9.120910165133006009e-01
6.453755855955205407e-03 -6.502359101733799426e-03 6.391088840550387604e-03 -6.511798484476924789e-03 6.437531290562468859e-03 -6.374718661920845096e-03 6.475932636829360295e-03 -6.536415998751986776e-03
