1.989738021581005878e+00 1.978788426603710127e+00 1.993073128123119320e+00 2.006005346650777899e+00 1.988088365556042625e+00 1.998307169013314288e+00 2.006458091789637965e+00 1.982875203081561954e+00
1.687737780937324885e+02 1.178687856453248344e+02 -8.038608707157817168e-01 -1.206067619276877565e+02 -1.697895191772343253e+02 -1.191203862788114662e+02 2.169989579332071983e-01 1.185044956269064755e+02
-5.963813731446343525e-02 1.181811282700154351e+02 1.691641619791211042e+02 1.200023538386728461e+02 2.144444030269821166e-01 -1.188117830028008939e+02 -1.707006739294601232e+02 -1.184374519892181183e+02
1.431603230675558370e+04 -3.682521531481815202e+01 -1.430786161533927952e+04 1.745938864107013799e+01 1.441467659378253120e+04 -2.508330806726543472e+01 -1.446864439113185472e+04 2.399706742342910459e+01
-3.426450481497484546e+00 1.422674286307780858e+04 -6.601994556882512200e+01 -1.452135334544661782e+04 2.902623129094118237e+00 1.428686653285573266e+04 -3.581316566616092700e+01 -1.429541282529908131e+04
1.219586453902206849e+06 -8.600757675890473183e+05 4.589490434919960535e+03 8.727453533551736036e+05 -1.225351397868620930e+06 8.623832358566938201e+05 -3.569610267275480510e+03 -8.595674293824166525e+05
2.011460228496508989e+03 8.538151817176878685e+05 -1.215247639216758311e+06 8.759856715872487985e+05 -2.669576596648010764e+03 -8.564715841729860986e+05 1.229597246748627163e+06 -8.632559929874050431e+05
5.190553506565489620e+07 -5.157735134007352591e+07 5.160498408644745499e+07 -5.250247742620662600e+07 5.206981080129545927e+07 -5.172397973136553913e+07 5.230864411829087138e+07 -5.184173724844846874e+07
1.779300674593058357e+05 -1.767851614733689639e+05 1.768774605358552653e+05 -1.799706852325057844e+05 1.785137501988558215e+05 -1.773480872235715797e+05 1.793551376241748221e+05 -1.777374269464294193e+05
2.360398983631594092e+03 -2.295529303005265319e+03 2.177367004332340002e+03 -2.093751321876854945e+03 2.027568814833118495e+03 -2.064473342814776515e+03 2.208957480018143997e+03 -2.308741368920689183e+03
-1.267126716293226309e+03 1.140812789298062398e+03 -1.091968462028859449e+03 1.161421112095498984e+03 -1.272022287137415788e+03 1.382332723957069447e+03 -1.447747660668133904e+03 1.385069126399798279e+03
1.391245009647682451e+01 -1.382726120748369247e+01 1.383314126938056887e+01 -1.406904999869604289e+01 1.394773250371876294e+01 -1.385174420756962022e+01 1.400930899101956228e+01 -1.388943500947873666e+01
-3.083984920966692300e+01 3.063823511811741085e+01 -3.065133308366331732e+01 3.118604392964718386e+01 -3.093427752849862244e+01 3.073493051434861201e+01 -3.108624185113376015e+01 3.080769581723260586e+01
-7.350779707856884559e-02 7.320717968571434364e-02 -7.371453659659976676e-02 7.550556191195746669e-02 -7.512073615867409515e-02 7.445611741079721790e-02 -7.482264236499479304e-02 7.365399504437045164e-02
-4.085227624159224608e-02 4.096963016247792688e-02 -4.109275315808803147e-02 4.156622700176439839e-02 -4.078558033788393794e-02 4.013770491593240258e-02 -4.049006571713874292e-02 4.036633460493923437e-02
3.104607036535904710e-02 -3.084948787918413704e-02 3.086563018410547893e-02 -3.140217072394604902e-02 3.114341187266804478e-02 -3.093685548755817707e-02 3.128694229295817669e-02 -3.100793353705027719e-02
