2.011641420967515081e+00 2.022009083287189757e+00 1.993191832785105921e+00 2.004750391967308865e+00 2.010074751725527520e+00 1.993547957000453730e+00 2.004929618231540367e+00 2.017757545092102589e+00
1.560383880198288580e+02 6.525629814589558464e+01 -6.548835586815894771e+01 -1.571139396298532347e+02 -1.563859840310005040e+02 -6.495161696412966990e+01 6.563163155833190388e+01 1.570465770842459108e+02
6.532789732126367710e+01 1.576415259588292486e+02 1.548468221542496508e+02 6.561969506293802112e+01 -6.505985038483315464e+01 -1.550516439106067708e+02 -1.561422305093537091e+02 -6.596040958905835794e+01
1.011006596707079552e+04 -1.026775493605024894e+04 -1.002728193031534101e+04 1.023540171119820116e+04 1.011784526064308011e+04 -1.004755927593292836e+04 -1.015274100667175117e+04 1.023113742564499080e+04
1.014805544309063043e+04 1.019537869979526658e+04 -1.011726953963556480e+04 -1.023146079158173779e+04 1.014643495803044243e+04 1.005052741540823808e+04 -1.020336409684523278e+04 -1.024242152118631930e+04
4.619458991394967888e+05 -1.132474460173731204e+06 1.118111428524876479e+06 -4.734078148922062246e+05 -4.620312970428749104e+05 1.112024796744213905e+06 -1.130175788468833314e+06 4.731618004338526516e+05
1.125774409635704942e+06 -4.747757615498985979e+05 -4.589477375811399543e+05 1.134968517936971970e+06 -1.124282969778430182e+06 4.625913745058325003e+05 4.662199275313165272e+05 -1.137874383366817841e+06
-1.926378747143576329e+05 1.942349366013492690e+05 -1.910468237701172184e+05 1.946841980831493856e+05 -1.924368316484620736e+05 1.906088903887048655e+05 -1.935274026400277507e+05 1.951599128638101392e+05
5.171293930623987317e+07 -5.214022121038621664e+07 5.128259668573591858e+07 -5.225782517578139156e+07 5.165478768373090774e+07 -5.116554257541516423e+07 5.195079214897383004e+07 -5.239017960764361173e+07
1.088496126933267533e+03 -1.005487481780108851e+03 9.890315493467827537e+02 -1.100705494691006379e+03 1.217007515068261455e+03 -1.295777810833642206e+03 1.315133395550840532e+03 -1.233306316902368053e+03
-4.643375116349998848e+02 5.609502790396182945e+02 -6.807830874433782355e+02 7.859953152097756401e+02 -7.762250161068483294e+02 6.774007483638752092e+02 -5.573476224084383830e+02 4.697382000384477578e+02
-6.609923986465951806e+00 6.670969818702285004e+00 -6.565956807743777546e+00 6.691700345312516340e+00 -6.610995413565713186e+00 6.542051272491098857e+00 -6.636893320203410163e+00 6.692148657119808774e+00
3.539747183013806620e+01 -3.569542372846905920e+01 3.511735213080135054e+01 -3.579269016862829744e+01 3.538050148600265743e+01 -3.503921739748853525e+01 3.556781496004434473e+01 -3.586190674825679281e+01
5.863688519436976998e-01 -5.909310966710872304e-01 5.811316089720874878e-01 -5.923532408020213413e-01 5.858340517204168041e-01 -5.805630101595370407e-01 5.895523650233895907e-01 -5.943681320330436169e-01
-8.181065142096695109e-01 8.247911005600198076e-01 -8.110381565905385726e-01 8.262687893952196383e-01 -8.166523550356666883e-01 8.089917467745251223e-01 -8.215962367096389940e-01 8.287379427791790043e-01
6.198803782700487014e-03 -6.250103123982410185e-03 6.145278137810954167e-03 -6.259150342458471086e-03 6.184782828263827963e-03 -6.126130246720517744e-03 6.222199561889797149e-03 -6.277819329411787365e-03
