1.975658954620751029e+00 1.990651676268220482e+00 2.003800877914096112e+00 1.998532765916153808e+00 1.996130664194285975e+00 2.016445745447422055e+00 2.016106356691154122e+00 1.998056554551755903e+00
1.666760253535943832e+02 1.184717638295375082e+02 -7.645733797279521959e-02 -1.186913017511281936e+02 -1.700787004077472488e+02 -1.210740808420829069e+02 1.552774746225215607e-01 1.196464544467476685e+02
7.763197498117596629e-01 1.202301856779061922e+02 1.721813705213371009e+02 1.201288162338920387e+02 -6.028011686793538493e-02 -1.208299679297772116e+02 -1.704131460324136071e+02 -1.195429912949006308e+02
1.403645364580499154e+04 -9.730839574936997849e+01 -1.469673043239499202e+04 -3.893409517569738654e+01 1.444364277724923340e+04 -1.541957958968952624e+01 -1.443039615958081777e+04 6.364586727198331850e+00
9.099321598432754854e+01 1.436212206280185819e+04 -3.411501603144410666e+01 -1.437214153667430764e+04 -1.586240413727445819e+01 1.466599578863440183e+04 -1.263108595140793611e+01 -1.444921227053882285e+04
1.185267456448570592e+06 -8.665107968194397399e+05 1.715976938034973728e+03 8.698261708110112231e+05 -1.233830403590128059e+06 8.888321022395114414e+05 -5.047225504141521014e+03 -8.632209719903189689e+05
5.037578557752792221e+03 8.612672694511107402e+05 -1.256358331419952447e+06 8.709770612358725630e+05 -1.837153364891614956e+03 -8.848603891958444146e+05 1.227102655873284442e+06 -8.704646828042018460e+05
5.030333673865233362e+07 -5.199944778703884780e+07 5.354729562293209136e+07 -5.257890382924499363e+07 5.264499553451310098e+07 -5.350101431564225256e+07 5.218992295660439134e+07 -5.206947000540123880e+07
1.755269332042821043e+05 -1.814808163706566265e+05 1.868716260922584042e+05 -1.834406575149456912e+05 1.836096964306044101e+05 -1.865588118249846157e+05 1.819975473711976374e+05 -1.816283140257266059e+05
-5.003091078357778656e+02 5.674935458642896720e+02 -7.076455260413920314e+02 8.147939903649784128e+02 -8.650975060159927352e+02 8.279559345618611133e+02 -6.883566685205837530e+02 5.672621084938816693e+02
9.742691688092957065e+02 -1.127208647837226636e+03 1.211252933353373692e+03 -1.138096640124572332e+03 1.018217899700608996e+03 -9.118765409298903251e+02 8.397793334551396356e+02 -8.878578061005636073e+02
-2.318026742938445750e+01 2.397136046463694470e+01 -2.468914112086055823e+01 2.423851129330160958e+01 -2.425944666583679066e+01 2.464476659298084726e+01 -2.403722366622740481e+01 2.398520814727044836e+01
-1.097465654946920210e+01 1.133654031152226516e+01 -1.166550849400209877e+01 1.145062695596136670e+01 -1.146736129322066233e+01 1.166159564915300528e+01 -1.138461377033093669e+01 1.136282954708623372e+01
-1.365781891921482860e-01 1.413229862088563604e-01 -1.459001168434299889e-01 1.436335997590634239e-01 -1.439786159001573418e-01 1.461776867833669835e-01 -1.422370518025335706e-01 1.415381551042900476e-01
-4.843075692542487265e-01 5.010420695299596661e-01 -5.160886783448992432e-01 5.065300690600762490e-01 -5.067206815527645070e-01 5.145456529643332999e-01 -5.018050972868699500e-01 5.008677415584408266e-01
2.761862087779955524e-02 -2.854929291679805803e-02 2.939866825764905420e-02 -2.886695815814983510e-02 2.890361393471604576e-02 -2.937416867524328401e-02 2.865475689615510149e-02 -2.858866772995631578e-02
