1.990078471404920224e+00 1.979364696367143628e+00 1.994097933105717368e+00 2.005978737927395894e+00 1.987997374794370886e+00 1.998242553630229956e+00 2.006329061736972452e+00 1.982826305621242735e+00
1.689171492858940553e+02 1.180254985812443067e+02 -7.822905917038004420e-01 -1.206608697374602741e+02 -1.698898697035538987e+02 -1.191881920537884554e+02 2.452656446192897077e-01 1.186308919987351942e+02
-6.094284422753148966e-02 1.182893518939257831e+02 1.693397711393331235e+02 1.200735116030164704e+02 2.008505552880322786e-01 -1.189117999592398718e+02 -1.708454995292109118e+02 -1.185373872735218015e+02
1.433382829784725436e+04 -3.474971316366649177e+01 -1.433199751053519867e+04 1.693544688209524551e+01 1.443118564983669603e+04 -3.032293977649150918e+01 -1.448579528050506997e+04 2.369626683587820537e+01
-4.442294009825635825e+00 1.425254412452296310e+04 -6.586907571065401612e+01 -1.453522671391743461e+04 5.466043485274676428e+00 1.430272563907760741e+04 -3.584287764322674974e+01 -1.431603538717663832e+04
1.221803744854212971e+06 -8.618765683204423403e+05 4.574601377989985849e+03 8.738499192495351890e+05 -1.227189168955722591e+06 8.639222565758018754e+05 -3.559223996762453226e+03 -8.610535828348210780e+05
1.822399250143699192e+03 8.559707403727219207e+05 -1.217838045473578852e+06 8.771330564306342276e+05 -2.716487253368486108e+03 -8.578958506247135811e+05 1.231597889266954269e+06 -8.646976553656242322e+05
5.203060059247098863e+07 -5.172055751904715598e+07 5.171408507730396092e+07 -5.257709619892539829e+07 5.217401840329787135e+07 -5.184282442737857997e+07 5.242322920656654239e+07 -5.196891580026742071e+07
1.762036809146337037e+05 -1.751322808375453751e+05 1.751091391684509872e+05 -1.780517211474456126e+05 1.767162702998747118e+05 -1.756159761976255977e+05 1.775832416298766620e+05 -1.760242159136309638e+05
2.746398122651016820e+03 -2.679993913343546865e+03 2.560179789931739379e+03 -2.481370337895819830e+03 2.413437844311951267e+03 -2.448553249485248216e+03 2.597230499520860121e+03 -2.694329268651321399e+03
-1.523133768560504450e+03 1.395590072974398026e+03 -1.345824828318599430e+03 1.418727281143109849e+03 -1.528093102556647409e+03 1.637248166041920740e+03 -1.705454983899810259e+03 1.640903924654002594e+03
1.692716804354105520e+01 -1.682963614481002423e+01 1.682566258829585593e+01 -1.710070895102430910e+01 1.696308424272647031e+01 -1.685149546611307514e+01 1.704149721767469217e+01 -1.690004089725297476e+01
-3.281927773188337483e+01 3.261603892726186871e+01 -3.260757677928331333e+01 3.315291379369080715e+01 -3.290441702576585215e+01 3.270270451030720693e+01 -3.307379896554393639e+01 3.278655048199534150e+01
-2.392698080476013400e-02 2.393327416513605158e-02 -2.440349998740352910e-02 2.534299627379646078e-02 -2.541334135541205297e-02 2.510173353331388024e-02 -2.490229550619000795e-02 2.416256988779684131e-02
-2.511356237855863482e-02 2.532727967907328140e-02 -2.541383529027466462e-02 2.559280862274725815e-02 -2.496468444310308635e-02 2.444178322699016789e-02 -2.462584640005876027e-02 2.465412934970192399e-02
3.111997367797465081e-02 -3.093421651750397766e-02 3.092989240694359043e-02 -3.144572570491450947e-02 3.120464789198290623e-02 -3.100688351273282045e-02 3.135447920468635574e-02 -3.108307699647088265e-02
