2.017942525839829582e+00 2.002732715863204671e+00 1.994626664710000385e+00 2.008356954578486953e+00 1.991427560530615537e+00 1.983672992826493342e+00 1.987875614046555661e+00 2.019277067037513973e+00
1.558454325055987226e+02 6.548228918484971928e+01 -6.478649856453981215e+01 -1.562611043316377959e+02 -1.559101566116052879e+02 -6.480969100196381305e+01 6.460291605804317783e+01 1.567349914859515536e+02
6.674728393938384841e+01 1.580563338703345266e+02 1.560487150666284606e+02 6.599254497714360923e+01 -6.519908183839572757e+01 -1.539310032605434913e+02 -1.547545626845843572e+02 -6.547847870293990979e+01
1.000796659305567482e+04 -1.035752195149620457e+04 -1.012572960392389723e+04 1.014565561953260294e+04 1.016598528316127522e+04 -9.972521931159364613e+03 -1.010620167130662594e+04 1.016488799045205815e+04
1.019674272958260553e+04 1.027931206480298169e+04 -1.017184028167075121e+04 -1.022007661621195984e+04 1.018748852146904028e+04 1.007872292115398704e+04 -1.008280933477580948e+04 -1.013731803248339747e+04
4.559165306535746786e+05 -1.145767532909117639e+06 1.134061704345258186e+06 -4.721296070965133840e+05 -4.686290013872078853e+05 1.115657567000163253e+06 -1.118940525500461925e+06 4.664973479864884866e+05
1.115725020279198652e+06 -4.767211342599593336e+05 -4.680818498163372278e+05 1.139169054329679115e+06 -1.136722796925376402e+06 4.612977798024783842e+05 4.599632007764028385e+05 -1.115990288429966196e+06
-1.836605926565885311e+05 1.898168028300451988e+05 -1.883371747099508939e+05 1.896042013929091918e+05 -1.885208353730464296e+05 1.843894448780247476e+05 -1.841504479126982915e+05 1.839982388434940076e+05
5.107207384015913308e+07 -5.277233228786452115e+07 5.237414160609632730e+07 -5.275666756441278011e+07 5.248455602030961215e+07 -5.134584181131944060e+07 5.126664303407223523e+07 -5.119480975870820135e+07
-2.505708665647236558e+03 2.682522458239553089e+03 -2.661013979630326048e+03 2.586474702688648904e+03 -2.442398839002737986e+03 2.298424994544375750e+03 -2.295004327300876412e+03 2.383058954950518455e+03
-3.630108615293887851e+03 3.844898202774691981e+03 -3.946038685460912347e+03 4.066752916392087627e+03 -4.045643417921080072e+03 3.867452346128558474e+03 -3.734185789921546984e+03 3.638567703402226925e+03
-2.036674783326663984e+01 2.104487539338372670e+01 -2.088404238225635012e+01 2.103416420516447261e+01 -2.092431039064555520e+01 2.047022831292131784e+01 -2.043984227483447569e+01 2.041355944452595850e+01
-2.608717078354078822e+01 2.695685138645947632e+01 -2.674287417421811242e+01 2.692201370569325647e+01 -2.677147536353690782e+01 2.619015310655753126e+01 -2.615999590307404787e+01 2.613837768045579679e+01
4.467753621899112071e-01 -4.615782646558559410e-01 4.581390941922282578e-01 -4.616170498197722516e-01 4.593779854744363678e-01 -4.494806773755420926e-01 4.487458892898885110e-01 -4.479886500868183186e-01
-2.349913652753922444e-01 2.426725352603456842e-01 -2.405348264788733925e-01 2.419968956274648753e-01 -2.406391760793493706e-01 2.355540402714635662e-01 -2.354896353420959376e-01 2.354485467402062382e-01
3.169495018270430346e-03 -3.275543876583949209e-03 3.249540064254504042e-03 -3.270921847965090057e-03 3.252027237208063738e-03 -3.180942800092085004e-03 3.177278364662517156e-03 -3.175120663463297348e-03
