1.991419440764957027e+00 1.980627691193548978e+00 1.995494116026160336e+00 2.006600211454113047e+00 1.987577471149814645e+00 1.998845242908092512e+00 2.005828150782914765e+00 1.981980502987365833e+00
1.692910438039629923e+02 1.183309640655974420e+02 -6.202254281480503728e-01 -1.209109627333059507e+02 -1.700962897743634414e+02 -1.193397183244231599e+02 3.351930789739039351e-01 1.190050130677397249e+02
-1.494325241133010185e-01 1.184646767650834391e+02 1.698394766886877392e+02 1.202503908043251641e+02 1.573510136339072996e-01 -1.191205680425345861e+02 -1.713403866185393838e+02 -1.186973382605079053e+02
1.437493161255533414e+04 -2.260487473225150268e+01 -1.438847563595477732e+04 1.092578347595159727e+01 1.447156685947393453e+04 -3.363679148887999304e+01 -1.453998543600233643e+04 2.939072369393403505e+01
-6.422201266967011435e+00 1.430093000413683876e+04 -5.878537063531385343e+01 -1.457454473517896804e+04 9.500526303670149275e+00 1.434780133313363876e+04 -3.953520434088329694e+01 -1.436516649755925937e+04
1.227365509633176727e+06 -8.655758983271274483e+05 4.375079396210717277e+03 8.770606201676144265e+05 -1.232034258696429431e+06 8.677772219931632280e+05 -3.683419430804905005e+03 -8.647162863765469519e+05
1.627215580628455882e+03 8.602270487343096174e+05 -1.222876419153586728e+06 8.793180948374166619e+05 -2.824850984030471409e+03 -8.612362795353048714e+05 1.236392351877312409e+06 -8.688499710280614672e+05
5.236704336783008277e+07 -5.205869479629921168e+07 5.194905855208686739e+07 -5.272590810480957478e+07 5.241527982190886885e+07 -5.207521455491915345e+07 5.264906141124455631e+07 -5.229216140340795368e+07
1.893820549280889682e+05 -1.882396613527701120e+05 1.878442141600185423e+05 -1.906828697455933143e+05 1.895997189757927554e+05 -1.883969395179768035e+05 1.904718185366890684e+05 -1.891513547500415589e+05
3.139783640075358562e+03 -3.071009551061056300e+03 2.944879392780785565e+03 -2.867121171358017818e+03 2.801401072283938447e+03 -2.833751335372337962e+03 2.986622766571862030e+03 -3.086355540798485890e+03
-2.037703785460079416e+03 1.907042329735877047e+03 -1.853278980816416606e+03 1.931443567778455417e+03 -2.040470731141725082e+03 2.146197634962953089e+03 -2.219752322208705664e+03 2.154632592353620566e+03
2.055904719722091301e+01 -2.044213589393790187e+01 2.039615308984632591e+01 -2.069302191756885634e+01 2.056233757583446575e+01 -2.042421090486075386e+01 2.065172232859456969e+01 -2.052033645142407892e+01
-4.417281170551073899e+01 4.390268407284105479e+01 -4.380278633184433090e+01 4.445698651677899704e+01 -4.420103589303104741e+01 4.392378200254412945e+01 -4.441587175052049474e+01 4.411611784438863992e+01
4.999654898221572025e-02 -4.956162759603831292e-02 4.896433900043525855e-02 -4.912603420320261344e-02 4.853964162119946829e-02 -4.836604054022847904e-02 4.940046745172969184e-02 -4.962791001410490205e-02
-6.041987690748189255e-02 6.040764366052336909e-02 -6.032960026740822462e-02 6.094799352891014377e-02 -6.014428985537935424e-02 5.940974472256217720e-02 -6.001659062405190204e-02 5.989056404418864610e-02
3.200439256706911345e-02 -3.181515697314512420e-02 3.174726437829234610e-02 -3.222153702746148596e-02 3.203193888260955774e-02 -3.182490703136509058e-02 3.217650495962760121e-02 -3.195885569352503730e-02
