1.975175698024477455e+00 1.990704768880018793e+00 2.002555903737151421e+00 1.998460648883897850e+00 1.997358144939366920e+00 2.016963523862994823e+00 2.016131965005842464e+00 1.998460222885019677e+00
1.664929957752250402e+02 1.183083810345881375e+02 -1.806433261338123708e-01 -1.187513859562161826e+02 -1.702019825074797268e+02 -1.210586618350040169e+02 1.124121548951575733e-01 1.195267626651991861e+02
7.883636792662371828e-01 1.202051444970393419e+02 1.719551222105669979e+02 1.201284814708991604e+02 3.220560058445150198e-02 -1.206501971410242362e+02 -1.702953494490964204e+02 -1.194356784616151543e+02
1.401495975404165983e+04 -1.024308511256514009e+02 -1.466830490667301092e+04 -3.620033515690460035e+01 1.444989628505233668e+04 -6.609129622488808309e+00 -1.441270128676255263e+04 7.138372541806190519e+00
9.207511356358433829e+01 1.434278731300663640e+04 -4.154192840556808619e+01 -1.437411384651666049e+04 -1.985117125834050356e+01 1.463781294447190885e+04 -7.280725872858724301e+00 -1.443348868153591138e+04
1.182937710188130150e+06 -8.650092716482790420e+05 1.901078785677034375e+03 8.697732162097207038e+05 -1.233893093543952098e+06 8.864643665951426374e+05 -4.621763702901328543e+03 -8.618040015708961291e+05
5.101652661676458592e+03 8.594681370323245646e+05 -1.253538499410787830e+06 8.709052175864961464e+05 -1.741954174196698204e+03 -8.829645719954635715e+05 1.224904069450030103e+06 -8.689150061589552788e+05
5.017697745493569225e+07 -5.187672278916791081e+07 5.341085731345477700e+07 -5.255959832175599039e+07 5.264519864881700277e+07 -5.335823259019540250e+07 5.207657441589868069e+07 -5.195748459676668048e+07
1.731705083296406374e+05 -1.790739426370980218e+05 1.843571251049384591e+05 -1.813637884969050356e+05 1.815937413273461279e+05 -1.840150578670030518e+05 1.796067803932344250e+05 -1.792503427841382218e+05
-6.917062217167793960e+02 7.653999147403835650e+02 -9.111205952738074529e+02 1.016638586057176781e+03 -1.067563614415622396e+03 1.030894486871179879e+03 -8.869381366096849888e+02 7.655829568713005528e+02
9.830671177371153817e+02 -1.136327027513949133e+03 1.220393150166329406e+03 -1.149693216346044892e+03 1.030131494795876733e+03 -9.213510724359762207e+02 8.494979258336982184e+02 -8.974825244191578122e+02
-2.561610305996563142e+01 2.649328717391325938e+01 -2.728085458878717873e+01 2.684178474240473733e+01 -2.687590309854698134e+01 2.723084409139322659e+01 -2.657330243102786937e+01 2.651612517844280248e+01
-9.746271055278377560e+00 1.006896651998998493e+01 -1.035862957953451158e+01 1.018943244480551513e+01 -1.020775462480331441e+01 1.035306756483138813e+01 -1.011281562723979910e+01 1.009435251492589103e+01
-7.430356121876439957e-02 7.696053411106057451e-02 -7.959846326330367872e-02 7.869081451560464013e-02 -7.897511392771917882e-02 7.990251653440737234e-02 -7.763281651443815212e-02 7.709647422368275105e-02
-5.164890286830229327e-01 5.344021050818774654e-01 -5.503435078089971011e-01 5.413416410956157776e-01 -5.417640530938166998e-01 5.486749625289067955e-01 -5.353594029086783390e-01 5.343606479300970769e-01
2.734222491196828045e-02 -2.826797177736456793e-02 2.910340517583308653e-02 -2.863930249499298253e-02 2.868610004736864283e-02 -2.907510951200074911e-02 2.837724067125539651e-02 -2.831260264252252398e-02
