1.000003659151665669e+00 9.999340911499662310e-01 9.999612716324732808e-01 9.999244615688765991e-01 1.000169233901940125e+00 9.999887494189224624e-01 9.999873776999186337e-01 9.999076057871838508e-01 9.999854315180268793e-01 1.000073182072635847e+00 1.000017684292549891e+00 1.000071356779568266e+00 9.998422566101342612e-01 1.000044366741837276e+00 9.999445557577051336e-01 1.000140309559082397e+00
8.364824669289187398e+01 7.771045263702029615e+01 5.943791918750442704e+01 3.204815159626195253e+01 2.176863698425903215e-01 -3.210181043953336655e+01 -5.976090281979810470e+01 -7.831913563536609502e+01 -8.472768419580089017e+01 -7.778185420094669666e+01 -6.097621767973531348e+01 -3.210297501019339705e+01 -1.213620497959059658e-01 3.240604002664576200e+01 5.988565902611821912e+01 7.780773746116253164e+01
1.049476117802564668e+00 3.191553379683080038e+01 6.200193202673386139e+01 7.756503347349007527e+01 8.661143055494136433e+01 7.742597444833532450e+01 6.123436962670027128e+01 3.172734900363609256e+01 8.592652200353479985e-01 -3.313187825075456772e+01 -5.937696240781465207e+01 -7.809583539168481536e+01 -8.396653210634406150e+01 -7.822119798205025631e+01 -5.910569408897621457e+01 -3.310290766513562488e+01
7.012711745784695268e+03 5.069076191342288439e+03 -1.852304933540875425e+02 -5.074942374943153482e+03 -7.352926322833572158e+03 -5.061335980262319936e+03 -5.852110708245534454e+01 5.130176868483284125e+03 7.199324527503493300e+03 5.051419390053558345e+03 4.959489346313969804e+01 -5.021093297834703662e+03 -7.202038519211983839e+03 -5.009104662982836999e+03 -2.720229505629705002e+01 5.065166481814776489e+03
4.707071990545795614e+01 5.063540329718394787e+03 7.258183110408705943e+03 5.023803321096639593e+03 1.959567344129686006e+01 -5.051115090573052839e+03 -7.238048887689752519e+03 -5.096265609187003975e+03 5.468541869197099281e+00 5.057542628115743355e+03 7.347000728483262719e+03 5.000210455875375374e+03 2.514082495777714144e+01 -5.057694200170711156e+03 -7.195078433819451675e+03 -5.072607535237683805e+03
5.922146040928864386e+05 2.333402542251194827e+05 -4.472344521705976222e+05 -5.590228788890987635e+05 -1.014439348426737297e+03 5.633913908891940955e+05 4.375112792173373746e+05 -2.381392480868576968e+05 -6.143606300389582757e+05 -2.336323554582250072e+05 4.409105593348871334e+05 5.556042697935985634e+05 1.450256310421169474e+03 -5.579732435577338329e+05 -4.355270471663525095e+05 2.347004377257780288e+05
2.525440713237423097e+03 5.619647194214813644e+05 4.255061947140126722e+05 -2.403951332449325128e+05 -6.210626686291566584e+05 -2.368386842311059590e+05 4.360628015728007886e+05 5.688752005507171853e+05 -2.745972176901800140e+03 -5.605956864513572073e+05 -4.487681494355030591e+05 2.342853046977678605e+05 6.100302823002692312e+05 2.313887585544477624e+05 -4.337509959433900658e+05 -5.598608193954857998e+05
4.975107494600354880e+07 4.531663405278942082e+05 -5.286301721364299953e+07 1.500095116562478244e+06 5.204363039219689369e+07 9.419070450378400274e+05 -5.340072675672040135e+07 8.911657996075437404e+05 5.193182374756118655e+07 5.464111142522626324e+05 -5.403414585696407408e+07 7.550604556302765850e+05 5.151959798811271042e+07 3.899706416198399384e+05 -5.249788509629447758e+07 6.323065360158622498e+05
3.040450409093993367e+05 5.152764912115431577e+07 -1.175529161345858127e+06 -5.194512050472844392e+07 1.344792755921791249e+05 5.211272306060411036e+07 -9.064543491308728699e+04 -5.264796369857875258e+07 2.745850709835501038e+05 5.194631555132688582e+07 2.126506402988806367e+05 -5.119476641077451408e+07 -2.204097439421120216e+05 5.143633467975140363e+07 -2.288459369628610875e+04 -5.150582977408656478e+07
4.190536278939616203e+09 -1.629988883400217772e+09 -3.097717951622445583e+09 4.138612250458070755e+09 -2.573795459412920475e+07 -4.116581651369215488e+09 3.221527994455058575e+09 1.624070088292115450e+09 -4.400929885480815887e+09 1.635972955922867537e+09 3.253115147441036701e+09 -4.046612972250262260e+09 -7.959431608462626114e+06 4.029783049099697590e+09 -3.146372210814697266e+09 -1.593265186380892754e+09
3.880873091450745612e+07 4.017402781063359737e+09 -3.199171725245309353e+09 -1.572073776275560617e+09 4.413004715447165489e+09 -1.626784581066614866e+09 -3.192753692944628239e+09 4.152563223859235287e+09 -3.706879203164377250e+06 -4.119902004445534706e+09 3.241974039192254066e+09 1.585798277014860392e+09 -4.338065767514846802e+09 1.598624001629707336e+09 3.171087372435881615e+09 -4.067630830762568951e+09
3.479470038181560059e+11 -2.523196135487171326e+11 3.714818386804899216e+09 2.557863883685127563e+11 -3.710356046432593994e+11 2.597974394895380859e+11 -3.001472971687797070e+09 -2.582329896502287903e+11 3.689813904831465454e+11 -2.588219987909537659e+11 -6.537794139403495789e+08 2.526930734373757629e+11 -3.629753918448322144e+11 2.518388284421847229e+11 5.821980349927374125e+08 -2.512639747743276367e+11
3.590475990269594669e+09 2.567880993875255127e+11 -3.699032791717699585e+11 2.700804591599811096e+11 -2.787354073140610695e+09 -2.658991975836667786e+11 3.787994868222772217e+11 -2.693600858291673584e+11 -1.172599760640298277e+08 2.675344873208722229e+11 -3.834999550986366577e+11 2.622439095285242004e+11 6.835288850231359005e+08 -2.606302527959510498e+11 3.726198482122824707e+11 -2.634927483416048889e+11
2.782205861417165234e+13 -2.645665323746254688e+13 2.099264545700315234e+13 -1.216929882246955664e+13 1.535677485654071045e+11 1.190073185792983203e+13 -2.142338210145880078e+13 2.765814609881354688e+13 -2.996248615395691406e+13 2.765015892359704688e+13 -2.181412961672104688e+13 1.185586127853972656e+13 -6.918376797680207825e+10 -1.153042256681418945e+13 2.087681545608265234e+13 -2.653623486639736719e+13
1.724932992604947510e+11 1.143898371384080469e+13 -2.081330629533514453e+13 2.744806417439974609e+13 -3.006639149465232812e+13 2.765138649099465234e+13 -2.172407554212239062e+13 1.222628521561952148e+13 -6.696183912409468842e+10 -1.198816777797800195e+13 2.176095522512008984e+13 -2.691298280857684375e+13 2.928219356337689062e+13 -2.665633215393712891e+13 2.096294637992968359e+13 -1.177917078523736914e+13
1.317069693457041750e+15 -1.354528931517526000e+15 1.370484576419594000e+15 -1.417119573870234000e+15 1.433928188851382500e+15 -1.425284977762796500e+15 1.421723593235955250e+15 -1.431829662046829000e+15 1.433513358719914500e+15 -1.430451006675296500e+15 1.437284158155972750e+15 -1.390816860668848000e+15 1.393414816569724750e+15 -1.364683876170173750e+15 1.364675677110381500e+15 -1.362220254190181750e+15
