2.018343533865873507e+00 2.003013369271890110e+00 1.995895539731937562e+00 2.007273944703893864e+00 1.990606534214259149e+00 1.983437289945044757e+00 1.987701190287684438e+00 2.019213366254201336e+00
1.556935933820630567e+02 6.531448756537622558e+01 -6.492062132175919942e+01 -1.562413778965718052e+02 -1.557690919593594288e+02 -6.481600314078107772e+01 6.450992103309945946e+01 1.565769917954019377e+02
6.672241101360533833e+01 1.579783135748065490e+02 1.560940468117948683e+02 6.603471680032623681e+01 -6.499775076242745797e+01 -1.537554512797908046e+02 -1.546063156726413297e+02 -6.539828457991940525e+01
9.990845045137184570e+03 -1.034725116586786680e+04 -1.012286921075505779e+04 1.014064118045154646e+04 1.015052994557908278e+04 -9.952433770537203600e+03 -1.009367046158858648e+04 1.015314961017298810e+04
1.018522119723824107e+04 1.025597361202278262e+04 -1.017690299507303644e+04 -1.021984562165922944e+04 1.015940503684689429e+04 1.006584388177931214e+04 -1.006916872758269346e+04 -1.012314564677983981e+04
4.546616166510349140e+05 -1.143181916417549830e+06 1.134128527414548211e+06 -4.718998809084342793e+05 -4.676684012991277850e+05 1.113247829721949529e+06 -1.116615939329591580e+06 4.657915194834223366e+05
1.113497727347111097e+06 -4.759535097684373031e+05 -4.678186188556696288e+05 1.138753475635906449e+06 -1.133724763687929371e+06 4.601535609479044215e+05 4.589858900049391668e+05 -1.113652812009505462e+06
-1.941852572546297451e+05 2.007285399176877399e+05 -1.996225215700511762e+05 2.008899717143402086e+05 -1.993084820435788424e+05 1.949377846870557987e+05 -1.946448567940026405e+05 1.944935083248763985e+05
5.093372067918419093e+07 -5.263896706250862032e+07 5.236246481723671407e+07 -5.272502705007895082e+07 5.233874019090765715e+07 -5.120185169978752732e+07 5.111194245643278956e+07 -5.104288204930377752e+07
-2.850606636348126813e+03 3.039338905649074604e+03 -3.022095461676734885e+03 2.948958488936512822e+03 -2.796789608521974060e+03 2.645169308706177617e+03 -2.640613367045710220e+03 2.728200342564039602e+03
-3.836804421377465133e+03 4.059134560093176788e+03 -4.168086073494712764e+03 4.288883494071326822e+03 -4.257257742535875877e+03 4.074502434848038320e+03 -3.940243016359180729e+03 3.844684015961440764e+03
-2.302302865848879421e+01 2.379246704920864985e+01 -2.366368313517718036e+01 2.382405992781831117e+01 -2.364841454609337745e+01 2.313602784774758447e+01 -2.309831020180027394e+01 2.307049847153436062e+01
-2.938764595064905905e+01 3.037295392995060084e+01 -3.020259803960604827e+01 3.039499162858837522e+01 -3.016011894357773571e+01 2.950428957640491134e+01 -2.946291780258516724e+01 2.943864462213190336e+01
3.837477899894263245e-01 -3.965380215608572678e-01 3.945094006653733221e-01 -3.973749469729469519e-01 3.945975458026499405e-01 -3.860827731665966156e-01 3.853530076145597061e-01 -3.847020170171343012e-01
-2.770598660796929624e-01 2.861799669419717862e-01 -2.843620431044833752e-01 2.860387875473331953e-01 -2.838453696903356915e-01 2.778287442084575454e-01 -2.776469708319631580e-01 2.775577059789917089e-01
2.645690822998285428e-03 -2.734845017696103334e-03 2.719360839311712238e-03 -2.736033368021021338e-03 2.714074313023772615e-03 -2.654548906587009087e-03 2.650961119324221800e-03 -2.649477809040364125e-03
