1.976109386454375061e+00 1.991393067681051843e+00 2.003016067937106737e+00 1.997865633749595915e+00 1.996758840976009752e+00 2.016007896107061992e+00 2.015822737741901349e+00 1.997436526102069010e+00
1.667067779927288314e+02 1.184536728272517365e+02 -1.019324504115033669e-01 -1.186770539489064475e+02 -1.700135157701710398e+02 -1.210727387412609914e+02 2.013164421703256823e-01 1.195534475670645946e+02
7.917659625857643713e-01 1.202107293465975886e+02 1.720640228900142006e+02 1.200791469483902745e+02 -3.752283742479717993e-02 -1.207937378925965533e+02 -1.703302810358143233e+02 -1.195026140265357668e+02
1.405783140147782979e+04 -9.513152801563715855e+01 -1.470372098123754586e+04 -3.317036357070520580e+01 1.445081608030338430e+04 -1.421435918054018899e+01 -1.444044956191950405e+04 5.603929229113764343e+00
8.696121220687500397e+01 1.437435494620694772e+04 -3.679157508339959293e+01 -1.437931427350686863e+04 -1.681481789208265099e+01 1.467559818957072093e+04 -1.792493992861375318e+01 -1.445735541773376826e+04
1.187803111168319359e+06 -8.679080767518073553e+05 1.412714636327498283e+03 8.710976185661986237e+05 -1.236223873035658151e+06 8.902956951603617053e+05 -5.446436457409973627e+03 -8.646370579202399822e+05
5.064880437249064926e+03 8.626994223616990494e+05 -1.257499192081393208e+06 8.722017225253691431e+05 -1.757728203386061296e+03 -8.864712784287678078e+05 1.229285797034644056e+06 -8.719167978507133666e+05
5.044844064176749438e+07 -5.211233330516072363e+07 5.361087861281021684e+07 -5.267119431082466245e+07 5.276913416201481968e+07 -5.365624370661021024e+07 5.233646220417536050e+07 -5.219868969089747965e+07
1.826383912824297731e+05 -1.886993552294983820e+05 1.941161550521497556e+05 -1.906631234450645279e+05 1.909555085138563882e+05 -1.941276269918596372e+05 1.893614379583937989e+05 -1.889129312946068821e+05
-5.332338044119342158e+02 6.011900477130762965e+02 -7.417197130409315378e+02 8.486039408577719314e+02 -8.994005701834754518e+02 8.630786553365848022e+02 -7.225414564822157217e+02 6.010775149413017289e+02
9.505246335800723045e+02 -1.101956810455315463e+03 1.184130759353392932e+03 -1.112142698043818882e+03 9.928669787264186652e+02 -8.866637063725523831e+02 8.150863920715468112e+02 -8.629048651765676823e+02
-1.397397491194616492e+01 1.444452330724068112e+01 -1.486459049037653379e+01 1.460041054438714525e+01 -1.461826844132565384e+01 1.485472029247752701e+01 -1.448528510472376318e+01 1.445011921575955505e+01
-1.559974274437007757e+01 1.610611177537913363e+01 -1.656073644845387705e+01 1.626647757778481207e+01 -1.629900822483994816e+01 1.658078346250644586e+01 -1.618178215115416663e+01 1.614375244245991681e+01
-1.523995174079333936e-01 1.575542337612856336e-01 -1.624774843178707073e-01 1.600439828700575551e-01 -1.605441886862682410e-01 1.631122487213774730e-01 -1.587204161582279061e-01 1.578896496043218634e-01
-4.628949244195691981e-01 4.785545722816216818e-01 -4.924392830884749550e-01 4.835827952750626491e-01 -4.840445754863059169e-01 4.917801866674599842e-01 -4.795613715770605245e-01 4.785196070413750835e-01
2.925628337214564514e-02 -3.022054281279151419e-02 3.108931305655473348e-02 -3.054471203136692459e-02 3.060221787381744996e-02 -3.111736427336069324e-02 3.035222056255419687e-02 -3.027199953307937313e-02
