9.999413438999519288e-01 9.999461101260347373e-01 1.000036893959949325e+00 9.998122829367169784e-01 1.000271578935230110e+00 9.998692392813161023e-01 1.000111612477898149e+00 9.998456354259519507e-01 9.999770088457274886e-01 1.000162596457220721e+00 9.998994802738788712e-01 1.000186461061627341e+00 9.997085811122018439e-01 1.000132895355879681e+00 9.999091657680153622e-01 1.000191533269443322e+00
8.392148505934973457e+01 7.850166651876946844e+01 5.861842522688400692e+01 3.277940584227368248e+01 -6.936412478289392114e-01 -3.195400885470112584e+01 -6.144491979573023599e+01 -7.763911988069843062e+01 -8.544464560170051470e+01 -7.752119971702066437e+01 -6.059568224198017816e+01 -3.155722860045211320e+01 -1.613658550765904864e-01 3.259758786325373592e+01 5.938078282072101644e+01 7.876012526893116217e+01
-2.130192069852432923e-01 3.218336809452665648e+01 5.995797093105336728e+01 7.814520394924205959e+01 8.468259512261109023e+01 7.755128398017414781e+01 6.024494975428370225e+01 3.221967220950808297e+01 4.078841172440684781e-01 -3.232303497888580779e+01 -5.956868068234427938e+01 -7.786980925002650622e+01 -8.482553424982759793e+01 -7.812022833413344358e+01 -5.975119013650702726e+01 -3.234065139416001955e+01
7.128278092357829337e+03 5.104597265918227095e+03 -7.782267245507743780e+01 -5.077550017624128486e+03 -7.182828609998485263e+03 -5.031698789746549664e+03 6.073841477930937316e+01 5.077300945710841916e+03 7.217142097875391300e+03 5.047288639832457193e+03 2.990448220421684056e+01 -5.074242059964289183e+03 -7.215447890952309535e+03 -5.062339142133526366e+03 -6.797155810574067480e+00 5.132261599526958889e+03
-4.621887149973179731e+01 5.085579981645982116e+03 7.121297193899714330e+03 5.095335811783493227e+03 -4.335695626737415864e+01 -5.031728947301886365e+03 -7.316324011632275869e+03 -5.045068213313059459e+03 -3.436633102750643332e+01 5.046064958155366185e+03 7.198666920483243302e+03 4.996434526092520173e+03 -2.883486508572732276e+01 -5.067586717579824835e+03 -7.196516661668745655e+03 -5.061885126514035619e+03
6.042560445976534393e+05 2.385463980175080069e+05 -4.368379616376892081e+05 -5.614517650849227794e+05 -1.051542327214040597e+03 5.619908088796794182e+05 4.342794594106252771e+05 -2.366313226130487747e+05 -6.106207263298162725e+05 -2.339249085754507105e+05 4.334149274273313931e+05 5.553180669454602757e+05 -2.328412904383004388e+03 -5.642797777007701807e+05 -4.306764443665216095e+05 2.391267472217561153e+05
-2.660656142508651101e+03 5.637171343470696593e+05 4.269331328116285149e+05 -2.366128923968900344e+05 -6.073557487289315322e+05 -2.329176958482331538e+05 4.436514267716642353e+05 5.631973861810379894e+05 -1.464679285082037268e+03 -5.565596149883520557e+05 -4.373316148444891442e+05 2.394282063277085836e+05 6.109835775644830428e+05 2.340104650198632735e+05 -4.339161771046425565e+05 -5.642476125365856569e+05
5.083281922400333732e+07 1.032163794220528216e+06 -5.256078867785003036e+07 9.063686184258505236e+05 5.095442779799479991e+07 5.987137636096137576e+05 -5.338004761428253353e+07 1.019693765282403911e+06 5.127399388360651582e+07 7.470841892632133095e+05 -5.283817352147261798e+07 1.293307375099573983e+06 5.148398021938714385e+07 2.677611098490142031e+05 -5.219775691637045145e+07 8.564408607487841509e+05
-3.591580251659129863e+05 5.225572690816055983e+07 -6.487814999400537927e+05 -5.165897545645208657e+07 -4.316140505168531672e+05 5.202870139407904446e+07 -8.352662700832298724e+05 -5.203846982056527585e+07 4.932500883122746600e+05 5.103761285988563299e+07 4.281606669976502890e+05 -5.159059739079744369e+07 3.908042788694546325e+05 5.196588804853314906e+07 -4.118555651562747080e+05 -5.196117367491656542e+07
4.296420106415253639e+09 -1.601320716942507505e+09 -3.136659913649986267e+09 4.108787038176784992e+09 9.579371930616643280e+06 -4.070750729006438255e+09 3.243523625723737717e+09 1.584868651699986935e+09 -4.317738007542410851e+09 1.600692331177178383e+09 3.163073045794649601e+09 -4.070041223383277416e+09 3.377611941454543918e+07 4.083087590024748802e+09 -3.173849582732489586e+09 -1.593316738128044844e+09
-1.496128179558615200e+07 4.108850021969961643e+09 -3.168007219860509396e+09 -1.609473372783452272e+09 4.305152853969393730e+09 -1.617675315271942616e+09 -3.176949222857697487e+09 4.124977331334678173e+09 -3.338781444541863352e+07 -4.047727837925683498e+09 3.152143496571391106e+09 1.564245378246679306e+09 -4.351314502707992554e+09 1.648313110760017633e+09 3.121764476286135197e+09 -4.111299038805896759e+09
3.596192032640180664e+11 -2.550575719287144165e+11 2.228395549432140887e+08 2.574961029126660461e+11 -3.606039620071110229e+11 2.546254053126132507e+11 -2.381754336681258202e+09 -2.556651984131638794e+11 3.620482532098534546e+11 -2.551601528028640442e+11 1.394857154897681475e+09 2.503634410027443542e+11 -3.636141707889947510e+11 2.582564767975574036e+11 -3.503499451189193249e+09 -2.546736167657362366e+11
1.909764373949106336e+08 2.655126988972423096e+11 -3.718072444560521851e+11 2.669874549304173279e+11 -2.202726195036734045e+08 -2.620889000248402405e+11 3.786068910959086304e+11 -2.685795859504530029e+11 2.681860193858113766e+09 2.617142333763817749e+11 -3.708347977611096191e+11 2.628265285627205505e+11 -1.677316476354692221e+09 -2.643528153423094177e+11 3.734075129347291870e+11 -2.684600227851292725e+11
2.923539142741047656e+13 -2.733076568739723828e+13 2.115110946238478516e+13 -1.203156156200595312e+13 4.588009487733432007e+10 1.171001431512256641e+13 -2.138316596633001172e+13 2.740575319593428906e+13 -2.931816347177560547e+13 2.710814933899635547e+13 -2.104461732296164453e+13 1.180002615663310742e+13 -9.775321407911129761e+10 -1.182643367100880078e+13 2.110445769363551562e+13 -2.742538281582931250e+13
6.875989924741851807e+10 1.188889495275805469e+13 -2.104650722617498828e+13 2.738697966614694531e+13 -2.908258484214903906e+13 2.694600373117994922e+13 -2.149452372877777734e+13 1.210742476049597656e+13 -1.649615490218739929e+11 -1.165937463196249219e+13 2.083109240610108984e+13 -2.665158190912130859e+13 2.931421876663801562e+13 -2.733262708411572656e+13 2.133320997493746875e+13 -1.216866626063317969e+13
1.401798735136033750e+15 -1.416131337224114250e+15 1.392427342486171750e+15 -1.417908946605723000e+15 1.389523357869440250e+15 -1.389024444235369500e+15 1.410186050208257500e+15 -1.420858752667360250e+15 1.402265929748450750e+15 -1.396066199469392000e+15 1.372914811019525250e+15 -1.373377165333471750e+15 1.396976873917027250e+15 -1.408790164204420500e+15 1.398945376017296000e+15 -1.423595425296421500e+15
