9.999413998070250109e-01 9.999460435510404421e-01 1.000036939761390409e+00 9.998124202563855034e-01 1.000271488239349749e+00 9.998693920504219124e-01 1.000111480706963318e+00 9.998456629174904409e-01 9.999773275920876836e-01 1.000162081686137849e+00 9.998997463053272972e-01 1.000186489373741328e+00 9.997085318373660767e-01 1.000132905206968958e+00 9.999092115071314124e-01 1.000191401767124733e+00
8.402690869148989350e+01 7.855569013495049546e+01 5.868037260691073698e+01 3.282522159378924442e+01 -7.166513112806041086e-01 -3.193109828147644436e+01 -6.147302662371219384e+01 -7.772471435037130050e+01 -8.545037779220223229e+01 -7.759246361210819032e+01 -6.062931303009958839e+01 -3.158140091037386199e+01 -1.446554977717688650e-01 3.261407689753472994e+01 5.948528506596413479e+01 7.875739354011824389e+01
-3.184580464191904547e-01 3.228656153914549520e+01 5.995639198359812383e+01 7.820350744773398333e+01 8.476220176545791674e+01 7.757651271415326732e+01 6.031722793075426381e+01 3.220030029154117557e+01 4.337302640585219415e-01 -3.240834556455450866e+01 -5.952089441992973917e+01 -7.802962192320494239e+01 -8.487089293163909076e+01 -7.812708433428798571e+01 -5.990049734393068093e+01 -3.223788653676192695e+01
7.137783296339693152e+03 5.112365477098272095e+03 -7.851964983994369618e+01 -5.081306374642089395e+03 -7.195729819149987634e+03 -5.035351301641623650e+03 5.802079164518411147e+01 5.085147097495299931e+03 7.223963968785255929e+03 5.052380434869687633e+03 3.093289319604604870e+01 -5.086032890206775846e+03 -7.219966991685299035e+03 -5.069979210138622875e+03 -4.370857235080535474e+00 5.135855289893223926e+03
-4.128864486652737753e+01 5.087607693875425866e+03 7.136140344759595791e+03 5.099855744849646726e+03 -4.102723224737526664e+01 -5.040457598271681491e+03 -7.316189874531491114e+03 -5.057047774689844118e+03 -2.612702648095267577e+01 5.048683556148226671e+03 7.205862535473165735e+03 5.006432193559158804e+03 -2.916023524624746344e+01 -5.076237364001140122e+03 -7.202681364551679508e+03 -5.072362732333781423e+03
6.049011323557938449e+05 2.396483519005203561e+05 -4.382757016334204818e+05 -5.618301118111484684e+05 -1.571629856130904727e+03 5.632854633836707799e+05 4.344627039328728570e+05 -2.369006016064683208e+05 -6.115075652575897984e+05 -2.343046354074297997e+05 4.341596774890003726e+05 5.562759611219625222e+05 -2.106216762353617469e+03 -5.657101597251122585e+05 -4.308280296919397661e+05 2.393924747899266367e+05
-2.662443326703010825e+03 5.646673200289527886e+05 4.279343994867376168e+05 -2.366162533193831914e+05 -6.090826484717677813e+05 -2.330150638983670797e+05 4.439187612618173589e+05 5.646857144498244161e+05 -2.418693814792285139e+03 -5.565914658578806557e+05 -4.390198956733581144e+05 2.405489163061128347e+05 6.118203734236392193e+05 2.341006563270064944e+05 -4.343683409772803425e+05 -5.654667673793170834e+05
5.087124571121729910e+07 1.119067933127190452e+06 -5.272955327068960667e+07 8.680483496539668413e+05 5.111064435668140650e+07 5.821473845092523843e+05 -5.345720835225655884e+07 1.006413324495706591e+06 5.141201192359492183e+07 7.237471585985765560e+05 -5.296820200364012271e+07 1.323752426483716350e+06 5.158727877359198779e+07 2.446428717375808046e+05 -5.230182401809504628e+07 8.855952866770752007e+05
-3.838756986744244932e+05 5.241258514119739085e+07 -6.772074381322815316e+05 -5.168932041957750171e+07 -5.462655290799565846e+05 5.222136688028974086e+07 -8.780164960629242705e+05 -5.219173148805026710e+07 5.996072744596879929e+05 5.105952124851896614e+07 4.918003338072042679e+05 -5.171546453306925297e+07 3.770671803330594557e+05 5.209912062451072782e+07 -4.198797444921328570e+05 -5.208505744134169817e+07
4.304301365307842255e+09 -1.599427431200844288e+09 -3.150392094739248276e+09 4.117372586963991642e+09 1.440313067957474105e+07 -4.085007020188084126e+09 3.254280087345081806e+09 1.586597720981162310e+09 -4.327028667759906769e+09 1.603631306629714966e+09 3.173473113201637268e+09 -4.082679482509153366e+09 3.369625028280577809e+07 4.095570413339972973e+09 -3.184360063912318707e+09 -1.595812367223905325e+09
-2.102333120259914547e+07 4.125340881569543839e+09 -3.180174857363269329e+09 -1.615202780518994808e+09 4.320756676590899467e+09 -1.623865802434098244e+09 -3.183257980723783493e+09 4.136961603416942120e+09 -3.777085914116869122e+07 -4.054970198830155849e+09 3.158694890463657379e+09 1.568760697542835236e+09 -4.363833028166501999e+09 1.656159573613260984e+09 3.124283466705462456e+09 -4.116477574751970768e+09
3.604535387839906006e+11 -2.554800833334613037e+11 -1.207473219268465191e+08 2.585142133768315430e+11 -3.620215949421724854e+11 2.553867624233882751e+11 -2.375439299573695183e+09 -2.564574463999008484e+11 3.632380267932874756e+11 -2.560974503151954346e+11 1.396151675565687180e+09 2.512340434692117004e+11 -3.650361730757618408e+11 2.594215007235646667e+11 -3.893049071341799259e+09 -2.551705562390465393e+11
2.143926967192851603e+08 2.665171992605645752e+11 -3.731634033223012085e+11 2.675063575278382263e+11 -6.247197764797392488e+07 -2.626556799043166199e+11 3.794801826879353638e+11 -2.692885313205568848e+11 2.790921686277306080e+09 2.623359363631508484e+11 -3.718211762495717773e+11 2.636847362527774353e+11 -1.689168636435148001e+09 -2.652555795022042542e+11 3.749221298006658325e+11 -2.695171217885629578e+11
2.937521841317168750e+13 -2.745575140157400000e+13 2.125136478914786328e+13 -1.207462281257746680e+13 5.157480427142016602e+10 1.174723629863906055e+13 -2.147299785263950781e+13 2.753898628755692188e+13 -2.945194560154652734e+13 2.721046700469135938e+13 -2.110487736917602344e+13 1.182805539971532422e+13 -7.890405831542990112e+10 -1.188735452162009375e+13 2.120539213286899609e+13 -2.754674298073397266e+13
5.591433517171932220e+10 1.195678964676207422e+13 -2.114999901277765234e+13 2.748473708065037109e+13 -2.919485683621238672e+13 2.703571649562666016e+13 -2.157422929283521875e+13 1.216316281476184961e+13 -1.794486419635328064e+11 -1.169456655227083203e+13 2.090942587083592188e+13 -2.675360293263904297e+13 2.942612648068332422e+13 -2.744143813504088672e+13 2.142687804228785156e+13 -1.221366315172071094e+13
1.411664770215943750e+15 -1.425581589371573500e+15 1.401387927769147000e+15 -1.424603075057991750e+15 1.396734144148960750e+15 -1.395123838367636750e+15 1.417306274271324000e+15 -1.428928753756292000e+15 1.410059836059073250e+15 -1.402477989716191000e+15 1.376925171344775250e+15 -1.376245229453973500e+15 1.400404994852157000e+15 -1.414332897004222250e+15 1.406113595484454750e+15 -1.432234529429722500e+15
