6.827413,-2.175727
-0.297980,8.029086
14.558178,-9.579995
10.401625,17.561645
-14.886889,11.893682
-10.786348,-6.705759
-9.491155,-12.739438
-12.076033,-8.648190
-25.127719,-14.180428
2.348412,-6.973875
-9.168371,-13.592692
-7.120133,-2.730701
-13.285138,-0.154298
-2.071115,-5.820325
10.242236,4.919945
2.451737,15.673720
6.124007,23.845715
-17.382154,0.510702
-17.825298,-14.246967
-5.361678,11.020895
22.820705,22.531961
-5.181741,-13.396410
0.930871,6.764528
-4.909897,-14.264089
-10.102242,4.854498
-5.675606,-14.710063
9.092312,4.952073
-15.983891,4.764721
-20.131596,6.606099
5.461657,-13.274595
14.456281,17.528641
-3.480841,6.189069
19.369637,10.711110
-16.023132,11.104621
-0.019286,-10.843234
-5.632118,2.251898
19.712487,-0.898874
4.177518,-8.954056
-8.322235,-3.393792
-9.312341,10.835104
10.058714,13.829519
-28.431020,17.996436
2.285591,29.530684
10.287640,-6.041192
-21.141978,3.054908
0.572412,-9.368635
13.827710,-13.878955
-6.413589,-11.537008
-17.515654,-18.818552
10.470448,-9.926756
-8.476038,-18.123144
12.811078,20.868089
12.337336,0.741331
12.495591,13.701641
-11.278427,3.393527
-6.291287,16.893385
-4.011013,20.715467
-12.570022,26.017849
7.056295,-18.424726
10.619905,10.176660
-3.608008,-6.991144
-1.607597,-5.235716
-5.915942,-7.184253
-4.737797,-12.386627
17.352436,17.165073
-21.286765,-23.401305
-13.543820,-8.782706
-11.892974,-1.086262
18.934624,-5.660421
4.707125,-9.983752
-13.342579,-2.145373
-17.873572,19.938552
20.616323,4.494409
-8.945958,-12.653695
15.035867,-11.366118
11.919009,-19.479037
2.819082,-2.585133
-21.767084,16.893427
2.120183,8.837018
16.797330,15.648048
-12.223512,15.591499
7.392686,25.946237
-4.869366,12.210278
20.843127,-2.520090
9.787658,0.768205
-6.715547,-1.944022
-9.678308,14.346979
-4.997413,7.758256
-4.947982,-14.843049
10.770867,32.377998
3.020366,-1.014624
-17.507678,-5.010334
0.660935,-3.683174
-4.844505,16.972222
-13.998664,14.926141
18.266234,-17.468005
-11.871751,-16.242981
-29.415830,10.129279
-17.302607,-8.093323
16.679008,15.224948
-16.373827,22.212451
-18.250824,10.965756
16.646713,-9.110473
-26.973652,-3.607529
-1.559023,-10.064662
0.552583,-7.885604
15.234437,17.156103
7.682414,12.638366
12.583313,16.016912
6.041036,12.608335
4.207281,-10.166321
-3.606470,23.071973
-5.840610,-9.216572
-2.873411,-16.959302
-9.246174,24.344208
-7.200845,-0.378174
17.588558,-2.511555
-19.527581,-23.328263
9.950387,-32.676321
-0.051952,-11.722551
2.776439,1.119812
-9.695358,-13.495019
-9.990912,10.068008
-14.186625,-24.015571
-1.385879,26.911617
-8.848405,-4.544238
4.834333,-0.011936
-2.256437,-13.691508
0.310254,8.535501
6.066591,23.012159
10.621263,-15.011663
-16.205982,18.474586
9.242354,8.627496
-13.714343,-18.213588
2.970878,-22.670295
7.894978,28.127506
-24.986859,35.126941
19.261914,-31.089785
-6.648664,-19.441446
7.823702,21.219620
-1.719744,-16.077994
3.895656,2.764892
-15.682324,4.163749
-6.617105,9.781147
-11.900101,-20.275613
-2.325719,33.644333
-0.781794,-4.699340
6.699374,2.189584
-6.335510,-10.764158
-12.965067,-1.039674
-14.022806,-5.444953
-17.255591,-5.699306
-38.265772,-2.219860
23.344229,3.369209
13.324990,-18.912834
14.437733,5.021303
-3.378789,-12.422309
-6.200779,1.446021
-13.518764,-17.318332
8.164456,-26.723160
25.409872,-0.733197
-5.172932,-2.380402
3.173683,-5.233275
8.446908,-10.871276
20.484229,-15.156766
14.820592,7.669714
-15.525666,-2.991968
-15.108676,4.380416
16.207190,0.521252
20.214523,8.387859
-0.287473,-21.092737
16.889675,-14.665383
-8.140732,5.284220
23.414018,-19.810630
10.294437,-5.502719
-19.701196,25.570814
-11.920194,12.854228
22.462080,0.294935
-8.750527,-5.219664
4.872983,-4.646708
18.782221,6.349500
-1.059294,8.719535
13.852805,-4.734742
17.975843,-10.639645
-12.774524,-7.808459
5.744069,-16.931210
6.305392,18.630149
5.476717,13.130963
4.940599,19.108159
5.819950,2.332854
-6.849876,-1.718644
-20.296981,-7.799523
-15.103757,10.600611
1.584450,4.859840
-8.451348,-0.228020
-15.237908,-3.790797
-4.595551,5.243577
-3.934029,-14.439694
-22.164189,15.849831
-1.633924,6.640742
26.004890,7.249261
-26.757561,-9.908902
23.061364,-8.831972
8.230147,25.104691
-5.766487,24.237202
-9.651649,-1.747265
-21.126393,-9.658751
-2.841260,7.436217
-7.667277,-16.453562
6.904775,-3.025277
1.193267,-21.754221
9.179159,11.037549
3.455800,-0.624770
-18.319518,-6.550343
17.518638,1.725826
-16.765349,-1.429253
21.577743,16.837329
8.552862,20.519492
7.935754,-11.790159
4.093524,15.730777
-25.964927,-40.357341
16.863257,1.918939
-2.984638,-12.582683
15.759521,-0.524195
16.524195,-43.058369
-7.572036,18.614285
-0.315420,-10.230423
-4.749765,5.281744
-1.291529,-18.276099
-19.847302,15.900487
4.837245,-10.284352
-22.883891,16.980026
14.947975,15.180853
0.851756,-4.233710
-3.837990,-0.486382
15.812528,4.456239
-8.288757,-17.108158
-14.673538,11.569198
1.453962,23.985980
-1.789696,-18.930180
-8.946957,-8.323887
4.451480,11.122886
-2.800706,5.220042
9.756006,-21.382888
-9.636662,9.092948
5.850049,-1.446815
10.826599,13.761893
-13.879448,-18.654698
22.591447,18.260265
6.763327,5.090717
-16.140704,1.674413
-4.829853,-12.877656
2.628471,-15.876809
-11.380647,-3.615295
-17.603412,0.137189
-16.520331,-5.533701
-4.899145,0.548391
-14.502688,-11.862342
-21.636905,-3.034570
15.677346,-4.705759
16.218984,-4.563471
-6.946081,28.119231
-10.737982,-8.307107
10.874021,14.355260
7.905189,19.809132
-10.113610,-28.998885
-15.758330,-1.544249
-0.552214,3.787458
15.452100,-14.548652
3.509582,-11.905548
13.734292,-23.746343
15.123594,4.949851
14.246474,6.945108
-15.736500,2.917053
4.519291,-27.013711
8.658277,-1.135297
-1.843108,-15.386285
-6.217106,8.910851
-9.431304,-12.506810
-24.344366,-10.993714
3.138952,11.725050
-6.958945,8.819002
7.363178,-1.546735
0.005688,16.065254
13.490017,20.301969
4.146346,-14.268151
0.556364,6.274833
-4.107279,-7.561504
3.071904,10.220177
8.695775,17.778877
22.031042,-26.519151
-2.393162,11.851630
1.972780,-11.537557
19.433196,5.043690
7.454169,-11.153958
-20.537701,12.100380
2.123354,12.429561
11.748029,17.550623
3.270668,2.644568
3.847260,19.216488
-6.743224,10.718980
6.623993,7.083855
18.067034,7.228545
-19.985802,-6.052928
-16.474855,3.129365
-20.044427,-13.349453
3.201642,4.861758
-15.577075,-18.770509
-11.076044,-6.047680
-12.409752,-23.625635
-16.343314,13.218715
21.459775,-5.497305
14.299232,-13.369911
-8.784963,7.524729
-12.226831,0.950053
-16.049013,5.747899
-0.804418,2.638203
-15.362484,-7.250399
-3.033195,7.338057
18.386694,8.474551
12.356606,1.136860
-9.519830,9.501428
-14.691828,-12.188783
-12.612401,8.839554
16.413510,25.538165
-12.166643,7.999510
-6.994778,-20.624837
-7.157170,-14.127654
15.409919,-1.808099
-8.916304,15.222602
21.530797,15.209055
-13.301977,13.484971
16.147739,-7.699004
6.015768,-15.261213
-7.062558,-2.761872
-2.755632,-18.815334
-5.414709,1.422234
-9.450899,12.173890
1.819246,14.829196
20.579570,-16.347203
19.890812,23.375358
17.746544,-16.826193
-20.256667,16.609978
3.257061,-22.379112
21.555355,9.395254
-7.722787,7.957959
-0.250713,7.789722
16.665808,-11.412698
-22.652921,14.398523
-23.531028,-0.253153
13.300034,9.264991
-7.726851,-0.619693
1.713078,-2.925591
-10.804376,-7.883165
-5.422422,-9.173547
-2.770484,0.494868
-16.466383,17.239706
-10.263174,-9.491841
13.091108,-13.271180
6.942746,-13.078880
27.501451,23.152632
18.459725,-3.168499
6.199411,-11.711494
-0.207845,0.973498
-4.439523,9.415558
8.317305,-18.659196
1.916912,17.905940
6.563211,15.259976
-18.670851,-14.881564
16.616677,17.919338
-1.355256,19.367230
-7.754614,5.327906
-0.633309,-6.981446
18.056816,-10.311455
10.367777,23.148489
-18.225811,6.153662
-0.920294,-2.814479
-8.501853,13.979076
16.655945,5.943537
-9.112852,-7.290141
0.116857,-11.582313
-21.519633,-20.325095
-2.670839,-15.551972
-9.093519,20.398084
4.356105,15.857590
-21.938081,-7.441476
-13.311545,9.628072
-7.357136,-8.366090
5.829868,-23.672994
0.740232,-24.175419
14.085275,13.175311
-4.700856,13.066910
5.119992,3.178511
4.104255,-15.815175
1.421992,-11.424990
-22.366557,-8.410380
14.166727,-15.807116
-27.502260,7.688932
3.011363,-0.178508
22.748355,-2.294836
7.119546,2.407690
3.044222,-3.802196
11.734177,-20.765381
-1.813114,-28.901822
15.582773,-4.724525
18.456083,10.552912
-6.729054,16.252430
10.052424,-11.593840
8.142536,23.061129
22.701578,11.268920
16.901372,22.429407
-2.484929,15.292206
3.108702,-2.025677
-8.966000,-18.362999
-16.485469,-0.727451
-17.192700,-14.823516
-7.147295,6.961584
18.262427,-22.001253
-7.334399,-37.961379
-13.002403,12.305757
3.342597,-17.349732
7.046300,14.455593
-4.000514,15.332262
-19.237740,14.937155
-0.866635,-13.924996
-3.941944,14.111539
15.581372,19.949711
4.588137,-13.845633
0.228138,27.495455
-8.822285,-11.932181
8.815778,-10.022755
18.558682,15.734573
-7.102337,9.780803
-18.226400,20.308892
2.798991,-12.039021
-7.519799,4.114195
16.215833,4.838003
-4.663444,-19.285738
3.032668,-16.679456
24.635944,-5.801513
13.168470,15.808445
15.250510,-28.358264
-2.897974,-12.142592
3.304127,-15.947756
15.304257,-8.302873
-16.283753,6.170790
-14.782006,-2.356452
3.315384,18.734055
-21.926051,9.520469
13.846249,0.452814
9.318479,-15.948553
11.629025,8.012087
-18.566072,-0.033627
-7.653604,2.154177
13.718324,7.812707
9.194956,9.559766
12.180997,18.239591
2.950862,2.608326
-12.212809,-15.376161
-3.602407,1.950902
-3.280296,-18.697743
6.071140,-2.782446
-3.180749,10.261644
15.939590,-21.025831
17.244655,5.580167
-16.548386,10.900538
8.438383,-10.413085
-3.324302,-4.453456
16.323506,-2.882506
-17.174933,2.944681
0.485152,20.234112
-10.105299,-7.185612
10.324311,18.044813
3.036344,0.059501
13.560371,19.592882
-23.872770,-1.203447
9.687464,-10.579672
-14.946941,33.095849
-2.931601,11.928133
-3.986554,16.173565
16.979523,-27.008850
-2.003164,15.344236
14.674681,-12.891415
11.651010,-4.371809
-2.667054,14.814590
-7.775560,-2.804675
4.479276,-11.529919
-4.326738,-7.762479
3.763768,2.653531
4.534441,13.798123
9.738205,16.113693
-15.738454,1.039386
3.867311,-8.017426
0.550308,-14.121832
-10.535449,20.590100
17.450567,-9.261657
9.841862,-4.356644
-4.960108,18.359051
18.375433,-8.382373
-16.143819,-18.245218
3.970885,1.364667
-0.858994,-5.625908
23.616812,-15.915360
5.096310,-7.950866
-11.846623,18.309331
4.939981,-14.099159
3.422210,-9.465674
8.494271,-5.269383
15.375779,4.571871
-20.869500,35.729217
-10.510031,16.105677
31.490963,-15.586253
13.368292,8.501028
-13.653881,16.536525
12.103088,-5.369051
9.745490,1.540119
13.723575,18.579344
6.779069,4.066694
13.810020,-3.328202
-15.646600,-9.931354
10.747935,-8.845301
-23.934336,9.693225
-5.723860,0.279269
-5.900702,10.162799
-5.694438,-12.723259
-11.289163,-21.796283
-8.927005,-14.716406
6.620041,4.788718
16.012086,-19.489752
-26.203365,-12.064209
3.556339,-23.422429
-13.540674,0.283563
0.419867,-3.206975
-14.370076,0.752941
-4.806758,1.910983
-9.233300,10.348222
-16.245838,30.846162
14.793983,-5.099965
12.356511,17.510430
5.148460,-13.039491
-20.418617,9.611661
10.843121,6.296691
-1.687481,11.405469
4.198587,8.712622
9.624284,2.649436
10.934591,13.035225
-10.303824,4.966258
-0.570839,-13.517311
18.061686,9.893890
-15.973690,-19.734141
15.272005,-7.615953
9.620758,27.403234
-14.841191,-10.550214
5.585617,12.493722
20.697090,21.060457
1.633541,16.753484
-15.880475,-20.885210
-2.540850,22.083081
-10.051854,-14.139250
-12.903991,-6.521179
-13.733668,-13.954731
2.810032,-5.073774
20.755136,-10.188004
-15.728864,13.943419
-26.333907,13.833353
15.034744,-17.653632
11.613881,-15.115254
-8.197937,-1.272004
2.054920,16.485491
-21.138556,-1.530061
6.399896,-1.215888
-14.321291,-10.914045
-8.950996,7.035777
7.820943,5.340289
-15.880760,-12.406521
-8.619530,-17.133835
12.189124,6.248945
4.306793,-2.816378
-20.119254,-28.913465
-2.225350,-13.523416
-1.144489,-17.818771
-9.357899,8.537319
27.369924,8.877580
-27.449030,-6.117379
1.091050,-1.011336
-11.824358,-0.837958
-7.012470,19.186683
12.291233,-7.293569
9.052942,13.529021
15.198269,-7.516713
3.219923,21.999202
-7.896551,-3.733009
-8.903359,1.702747
-0.238779,13.054521
-11.648028,-4.207570
-0.172359,16.600466
-2.465245,16.178925
-14.577869,9.167213
2.510473,-8.094940
4.770157,-9.566036
7.556233,-2.250190
-12.026338,13.003356
-10.883245,-16.530769
12.237350,0.332986
21.047029,-3.580791
6.112794,-1.576101
3.373308,-13.031974
9.544143,25.193083
3.803819,-7.176555
-11.141418,6.447982
2.659421,-11.916517
-16.651303,17.329109
-14.926938,-4.260751
-3.219070,1.370250
-11.960291,-17.168939
9.357388,3.952486
6.153097,-9.064292
2.415273,7.372428
9.666597,17.614209
4.661895,-15.275567
3.495860,9.601716
1.950220,-17.728809
-3.986986,-16.231788
-5.192209,-1.281516
-6.222858,-9.858665
2.009158,-6.954774
-12.168542,16.903278
-10.683895,1.576245
-8.165007,1.686276
-9.442012,14.199217
-1.381595,-11.807724
4.769159,2.246243
20.198560,-7.709639
14.989522,5.705997
-5.729901,6.160206
6.472449,-19.795298
-7.035503,4.727261
16.172240,-1.033717
-4.611841,4.157483
7.166362,13.886013
-5.705868,-20.531345
26.729506,17.272069
4.815971,-3.015794
19.564446,-12.749094
1.518651,15.169437
-26.302724,8.543772
1.349622,12.031626
17.426931,-16.018058
4.954775,0.128238
-10.727874,2.880845
-5.574962,-23.254454
-11.584187,15.948994
15.333148,29.487660
3.836915,-17.501117
30.751063,-20.191446
-10.352570,-9.562421
3.910641,-3.433575
5.065161,14.557458
9.169180,-18.639296
8.317914,6.033468
5.979031,-6.562418
1.526784,-4.953162
-11.016736,-13.481111
22.853660,-9.982221
5.930978,-6.018981
-10.277207,-20.671357
-3.831189,-12.548350
6.736161,5.056655
-19.304514,1.242323
-4.272706,-9.954439
-12.360834,10.339401
20.552359,-4.009877
5.653379,-14.229727
16.333422,-4.160027
-17.220219,-17.089349
18.679685,21.974318
-4.370824,4.185014
-21.536317,-2.260430
3.163828,6.205888
7.758631,-6.205103
28.204967,-6.434343
-20.979820,-19.580258
7.865726,-7.071180
-1.027215,19.314082
-8.305101,-10.510267
15.805761,24.584571
-5.919107,10.330027
24.848149,-14.840974
-13.623790,4.042990
-13.778013,-17.033225
1.858896,-15.710082
13.575181,-10.696231
-15.493126,-13.795415
17.228668,-14.220178
16.526720,5.556945
22.315596,-18.104299
-26.192812,-3.201892
-15.224820,-13.579483
-14.405305,16.698933
5.010663,-2.473509
12.355726,15.625267
-3.417255,3.055637
-7.973524,-8.682277
11.556417,-11.074460
-26.221711,2.690086
11.085264,1.172518
16.320338,-0.349211
-5.142817,2.137705
-1.919953,6.664502
-1.094228,3.506070
22.369052,-2.190047
24.102819,-21.536809
-19.171019,18.729304
5.097160,-6.885959
20.665109,24.659736
3.188761,19.255144
-13.581240,-13.850005
7.952003,-21.524926
10.740774,0.721436
0.587048,-22.269788
6.129801,-5.596113
-8.871103,2.969686
24.254573,4.949076
-22.255763,-17.523645
-12.898644,-18.810581
-10.965469,-2.174381
-11.625715,13.821860
-6.045208,-18.265886
-8.328900,17.521763
-4.608791,-6.403011
2.323354,-2.262376
2.043309,-18.477994
-1.522099,8.182157
-13.435822,-9.264599
9.945874,17.857572
2.896448,16.744979
-2.784940,8.836028
0.954790,9.352095
-5.237996,14.437452
7.066603,-18.119794
17.948810,-4.434078
14.086785,26.383154
8.152465,15.962182
-10.074996,-3.362595
5.908286,29.246382
12.795735,-9.932244
10.867785,-16.799037
-17.188875,0.685691
2.299791,-14.444588
-16.495495,-17.688380
-0.247583,-13.998802
5.026674,9.042029
11.520561,21.466180
5.745089,21.396245
-4.445828,-24.877303
23.045700,-2.460068
-11.778523,18.364171
-11.909353,-7.727652
19.847344,18.556346
-16.918767,20.143356
15.900007,6.020852
-6.007908,9.756255
-2.821121,0.976739
4.330844,0.261141
8.486254,0.917756
9.339652,11.108741
11.079151,1.606278
-9.195733,-30.949319
19.627760,-10.971263
1.836526,2.063596
-14.100373,2.016776
-10.143326,21.954043
5.352526,-22.842068
4.635720,9.227490
-11.193074,-11.047767
3.066732,2.918257
-16.958279,-2.430391
18.446884,9.748763
-16.284486,6.709189
9.478407,-18.554858
19.380825,12.697004
-17.033021,-5.711211
-32.119434,-10.834914
7.740024,-24.450661
0.200472,19.980752
9.754108,-2.688547
-9.132025,5.313674
-5.479906,-18.837349
29.067661,-25.045332
14.677259,-23.776864
-11.143891,4.965086
0.222473,7.490649
-9.309766,-1.863867
-18.698058,-12.694724
-6.652208,-1.282576
9.434553,-5.128937
-11.009874,-11.681401
-26.602197,10.797278
-15.560084,3.301107
22.415407,2.566369
-11.095372,6.583101
-1.310162,3.410672
15.299012,-6.090594
9.430694,-1.021241
-1.361542,2.515647
-2.183822,14.343985
19.636458,-2.406559
-12.687420,6.311470
5.637407,-11.433593
-10.764497,-6.284301
-18.095770,-0.977292
-2.850217,-18.310490
15.493148,-11.540440
11.497928,-2.669870
-7.050590,19.965273
-6.239691,9.061789
-3.146594,-13.287282
-22.223894,-1.307604
4.406482,-19.527149
11.337773,-15.254726
-11.938285,18.398695
-10.742639,-11.582270
-5.000078,-1.424187
9.041125,4.427352
-26.653922,-16.149055
-2.992937,-17.960384
6.776243,8.937859
2.837613,-25.984891
-9.680663,-9.946819
-2.679758,-5.327729
-13.381363,9.218213
-18.754317,1.513286
-3.201152,5.531706
-2.570506,-8.363625
-7.639604,11.426266
-0.609186,-15.788743
10.588666,-4.325473
8.921199,15.361437
2.111104,-18.652677
24.590215,17.403194
-11.490837,24.608487
17.348985,15.268441
16.830834,19.685586
0.254686,-3.927150
0.182648,-16.585848
-14.558841,-14.837001
7.173361,-16.926814
14.828891,-7.201318
-10.119576,-15.845056
-13.925562,-4.881976
-3.715908,-0.507928
6.469067,2.826768
11.656811,27.782132
-13.276676,-6.579596
-20.104189,-25.172924
-0.482570,21.687351
11.242356,-1.887524
18.790575,35.206060
2.542634,-13.904400
23.553039,-9.897158
-18.637779,16.784969
-4.967096,0.179681
-5.530230,15.738959
-5.827265,25.109188
6.310073,-2.644052
3.360165,-3.420857
-11.468959,2.972640
7.124045,-9.553237
-6.957368,18.569389
-19.078585,5.799693
-9.882790,18.949784
-16.145358,9.789935
-0.820711,-26.249116
-3.160356,14.066813
53.837843,3.704747
4.872702,1.423372
-0.746691,7.862685
-16.151982,-4.093486
-6.084058,30.271001
-12.770050,14.923205
-2.520064,-17.752802
-0.768093,-10.805028
9.463553,-14.248142
-8.857334,-10.455517
16.299127,-18.275831
-8.529260,7.277815
5.306428,7.782989
8.695292,15.010852
13.218610,25.244337
19.747307,3.113904
-8.892068,-14.332352
16.284519,3.499747
-3.314776,-10.040853
-18.918263,-0.101877
-28.201043,18.747205
5.276515,-0.204545
4.205690,9.605911
11.001640,-10.326330
-12.830032,3.036620
-11.078503,13.207194
15.059273,-27.219944
26.892529,5.250260
-4.531223,18.671962
11.550753,10.951944
18.394793,-7.211787
-10.341832,12.559343
-22.646195,-4.177637
20.664020,-16.287158
-1.616787,-9.002845
12.140967,-1.853729
13.556979,7.260633
11.649523,0.444362
19.052251,-12.240388
-16.982310,-3.095990
8.665624,-2.512281
5.076280,3.092704
-3.787796,6.556666
8.525820,-12.600383
-0.593022,14.379952
12.617651,-20.467670
8.211336,-17.831492
9.548067,-12.663124
9.319452,3.227703
-1.798768,-20.615912
14.889110,-13.822289
1.316264,0.795843
-4.580809,-19.497753
0.789439,-5.079463
-14.178877,-3.289720
-8.490002,7.104470
3.465709,-7.951063
18.986703,14.895066
20.049989,1.387160
27.324405,-5.182735
-6.091871,-11.392938
-14.728822,20.587394
-6.511638,14.786608
9.240768,-1.823360
1.986319,20.842556
5.493316,16.488920
-17.834544,-5.383932
1.118749,7.689443
-6.801778,-12.622080
15.604952,12.992497
-8.129371,0.242457
18.780435,3.180480
-21.802838,-15.869819
12.812904,-10.326074
-2.208970,18.851316
3.862145,12.481250
2.274505,22.551637
-7.027354,-3.402803
-16.752249,-15.490605
12.755118,7.693239
-9.634364,-15.005416
7.201999,15.642725
3.425385,-5.841542
17.680593,19.488681
-22.631602,-17.162268
1.079559,17.128597
4.376861,5.656401
0.567124,-17.096666
-4.796938,-6.300384
-9.135257,-11.172561
-7.720330,6.484640
-10.075753,11.661934
-12.212020,3.790350
10.005050,-11.603841
9.990445,8.759824
3.602830,-4.268685
-13.049689,-18.595874
4.548070,-0.482561
-0.813253,13.145328
-17.676092,-4.707674
17.573453,1.573329
-3.818157,-1.928065
-13.175659,-15.267398
-13.154090,-2.450465
13.778079,-8.740193
18.059869,2.287236
-14.709481,-6.632563
-18.977723,-4.311415
-13.357050,7.982031
17.058975,20.779365
-9.954075,-15.733874
-2.329082,-5.049710
13.739526,-9.039582
3.301885,-18.849734
13.192047,9.044633
-12.694018,7.293570
8.543633,13.097620
20.832077,3.908905
5.867244,-20.541139
2.620971,-12.001973
3.012907,19.999488
10.818276,-14.772603
-22.266868,25.545128
5.044722,17.775391
-12.546530,-4.023056
4.560809,5.492383
-82.5, -82.5
-82.5, 82.5
82.5, -82.5
82.5, 82.5
