-6.368554,10.372862
0.502189,-3.047208
6.547900,-14.206750
4.144853,3.076478
-0.524859,2.998124
-0.799200,3.558756
12.748326,6.072526
9.126357,3.313903
8.364648,-1.897333
-3.143146,-9.306586
6.133977,2.614252
-9.322303,4.550598
4.795837,4.014952
-8.609959,-4.615039
0.605245,-1.187455
-7.177640,-9.805753
-4.918802,-4.709202
-12.557188,1.328578
-4.455980,7.531826
-1.239223,-13.491801
8.878016,6.937105
5.138493,3.801787
-3.425419,2.084413
9.386197,-7.760185
-0.938250,-2.487034
0.494053,-4.790535
1.053984,14.677460
3.597758,9.866063
-9.772171,-4.259808
6.846127,-19.458191
9.391212,-0.241775
-0.099192,-8.583974
-4.615381,-2.513515
-3.978561,-4.275081
2.647035,9.733440
4.361424,4.976502
-0.368071,-0.992691
4.868472,-8.623720
-15.654666,3.962187
-6.533342,-4.800788
2.102958,1.836655
4.442427,-2.073537
7.301509,-0.800932
12.112141,-9.662381
-2.371936,-7.474328
3.669830,-11.431075
1.694168,-0.586579
-0.318811,-9.475882
-14.476846,-5.159565
-3.986851,7.508604
1.646065,-7.442659
-9.205186,-2.648400
-2.384932,-15.300691
3.154681,5.658849
-4.203353,-4.152630
3.454574,-0.156399
-5.166918,15.066700
3.614606,4.190696
11.263826,13.388749
6.010869,-1.164467
-2.771001,-5.291077
-6.628782,4.024354
-7.108227,7.435593
-2.177587,-4.246599
10.985794,-1.898639
12.595671,-3.947309
-12.136389,-5.334983
1.140811,9.164432
11.584124,-1.204427
-1.203473,-6.124564
10.438115,-5.980385
0.690354,-7.984872
-2.865795,-9.482912
3.310779,4.569502
-9.241719,-5.050721
1.408931,-19.657932
1.455711,-9.019269
-3.760771,-13.276497
-0.718446,-3.559593
-4.042699,-3.621529
1.604442,-1.503173
2.162904,-4.418933
-0.093569,0.110060
-9.495380,7.835280
-4.462911,0.690223
0.275796,1.132244
-13.359617,-1.213076
-16.832125,2.224052
-8.668140,-6.488047
6.709766,-0.231079
10.466755,7.446799
-2.977438,-12.823799
-5.716316,3.433200
-2.000490,9.690616
0.539791,6.574420
-17.087819,-10.492945
-9.969313,2.893147
-7.036001,-17.495880
-3.451112,16.624617
-5.046437,1.828206
3.294285,2.094332
-13.289116,2.463484
-0.770476,1.425995
-2.497657,-2.023877
2.747466,6.294227
1.597502,-8.079998
-2.646031,0.784701
4.676469,-7.378139
-1.110409,-1.058398
1.249284,3.554732
4.206927,5.813470
-4.568429,10.574485
5.047803,-15.667517
-6.611338,-9.651810
0.688909,-2.549434
3.721828,-3.145311
0.718164,2.469162
2.928728,7.033956
-1.144250,1.768012
-0.197327,3.021347
-4.681301,-5.925623
5.457515,2.108664
-15.646052,-5.515389
1.434683,0.025010
0.235251,10.389575
4.922331,6.924575
2.161183,9.889628
-1.023342,0.187267
10.472720,9.488824
-7.550839,7.724540
-3.501885,-8.344192
-1.181917,-16.565786
-8.330868,2.625863
-0.538878,-18.751549
-1.680272,5.403755
-7.748173,7.568117
-8.129268,3.834533
4.917498,-16.718571
1.274685,7.849974
-14.166737,-6.087995
-7.020000,-2.275425
2.912007,-1.568560
5.550416,-1.848077
1.839762,2.199726
-0.514681,-11.461103
0.597567,3.798662
9.098312,-3.753429
-3.968945,-5.713599
-1.635270,9.329089
-0.289962,-0.513737
12.246833,0.603845
-1.640048,0.722476
-5.008293,-0.274941
-3.235463,-0.733648
3.471930,-12.507398
1.961098,-8.152992
-10.549615,6.527629
-7.477686,0.655198
1.462833,-4.617105
10.362083,9.144597
-4.728748,7.282029
-12.908145,-7.046571
6.448846,2.317262
-6.491003,3.404077
-10.635664,2.641111
4.559834,-4.020145
2.585331,-3.571137
4.085407,1.781070
-12.234945,-1.406482
1.525901,4.236469
-7.665732,-2.159964
-2.168759,-2.406391
0.161061,2.672003
-9.052415,-5.467123
-4.626944,-7.744572
-3.845152,-7.896040
-1.323847,3.483240
0.318521,1.309014
-3.748459,11.626088
-6.307416,0.775528
3.986245,3.277762
-9.594633,-2.826586
1.301155,-5.600388
-4.093312,-1.170246
-0.490090,-4.679683
-5.419141,-2.108115
1.838743,-9.175206
-0.283109,-9.250019
5.156965,8.479690
-2.838691,-10.342710
-5.467918,-13.875991
-8.303953,1.627771
-4.442037,12.141899
-0.734798,3.054005
0.967940,4.848269
1.701917,-11.970692
6.198480,-3.001698
4.143432,-8.929243
2.470770,-6.497405
2.203664,-4.698706
-1.217424,1.451574
-8.487843,-2.375898
4.374426,2.221040
-9.306512,-8.268095
7.382862,-0.319002
3.529782,5.620291
12.490829,-13.587202
-0.697958,-10.056540
9.500453,-1.437975
-7.624500,-10.761029
6.245084,-5.398872
0.989004,-3.383032
1.560566,-11.506237
2.720627,8.516222
-8.630820,-2.080648
-5.188651,4.891383
3.663772,3.053771
-2.827487,3.369641
3.073014,15.311568
-4.050050,-0.562327
-3.857802,0.546669
6.576704,-7.824492
-13.834206,1.376455
11.556422,-2.229379
-7.043212,5.381996
1.434265,-7.661117
-10.919216,-10.669880
8.432839,6.292977
-20.756443,-0.576252
9.475907,-9.962340
-4.563529,-0.455884
-11.665634,8.542811
-12.021473,-4.030236
-5.049037,-8.430156
1.809075,-4.912527
-9.606902,7.420822
10.217671,-6.672608
7.556885,2.642196
10.679618,-0.056200
1.530596,-17.427420
-2.577389,-1.922104
1.373391,-1.974015
-1.698291,-5.639474
-1.089394,0.098534
10.395794,6.373346
-2.235559,2.282510
-6.368620,-0.750815
-2.762898,-0.658844
10.272049,-6.443977
-6.090019,-7.593994
6.405387,0.967534
0.102066,7.357891
-2.669650,-12.586555
15.343177,-7.348092
3.284789,-11.572255
-6.757833,9.297384
3.619941,9.538625
6.110473,-1.371605
3.527866,-10.199247
1.884897,-4.842392
-2.920932,-9.334444
-2.852952,10.588500
-4.929233,-2.636532
-4.052513,5.175214
1.099393,4.055532
-1.094120,3.153313
-1.367205,8.833036
-3.661507,-4.506882
6.889710,-5.219044
2.351860,5.173724
1.038570,3.498751
-1.614898,3.468074
-0.198197,-0.864033
-1.800136,-8.529436
-8.416539,-8.620850
0.139812,7.681115
5.153325,5.296896
3.803838,-2.255946
-7.058364,-9.643381
-8.170784,5.524913
7.102376,17.041098
-3.047943,-6.531668
-8.541741,1.987472
-13.422915,-4.675072
-5.552830,-2.957542
-9.170892,-5.048755
3.863059,-3.752656
0.199072,-2.946513
3.396145,0.885987
0.024408,3.513844
15.150969,-21.012409
-6.333524,13.565191
-0.796186,-2.885122
3.552827,4.299011
5.497631,0.675415
-0.094153,-0.242777
-16.445982,12.616474
8.216548,14.774586
-1.707290,-6.147277
7.475786,-0.288637
-7.431782,-3.356238
5.320259,5.821841
3.525080,-5.057975
-0.660026,-0.128679
3.736076,-2.067278
-1.755510,-9.504590
14.866381,-7.334156
0.877088,-5.997024
-3.258778,7.464476
-2.296923,-1.973336
-1.169009,-2.056438
-3.483749,2.649551
-1.922401,2.182132
-5.911640,8.220975
-1.881076,-3.575044
14.627055,1.494423
10.121411,-1.283933
-6.353736,3.766045
5.019777,-4.229766
0.225768,2.210641
-13.946341,8.872058
1.274533,-1.912387
6.018854,-8.864170
6.167098,3.459572
-7.664260,-5.330785
-5.655761,-6.874834
3.362862,-2.092106
-0.968196,3.833055
-1.383556,-3.192441
-0.743761,0.051419
-4.808413,-10.167611
-4.715346,-2.588677
-2.582713,-9.859844
-3.826020,11.318702
-3.210870,-4.856477
8.276430,-12.471166
-0.195394,4.156931
-5.377274,-16.291512
-17.637258,-4.136255
-9.155946,-11.905143
1.816309,-5.343779
-0.531672,-12.659348
-7.803368,-2.222717
3.990524,0.249717
-3.882774,-11.786542
1.309969,-6.122256
-3.462691,-8.620706
-11.203514,7.520904
1.900049,3.727396
-13.907919,-1.995434
7.452666,-3.197767
-5.988626,8.489860
-0.458169,0.099097
1.522532,3.843900
-4.007061,2.324360
-1.010110,11.486151
5.092796,-9.533004
-2.953593,3.221841
9.025896,3.381004
8.365387,3.735796
5.558943,1.726719
9.997485,-4.357982
8.683894,0.342261
0.588026,-3.327265
-10.881378,-5.099170
-11.230173,2.709975
-0.983232,6.272188
-6.093932,-0.941207
6.061726,13.170085
-7.467841,12.902941
-1.718901,13.476322
8.043046,0.946731
8.008963,6.044237
1.076345,6.470214
6.975220,13.002734
9.514278,2.555950
-9.730336,-19.329230
0.663109,1.597843
0.798686,-8.922408
-10.971783,-9.585270
-1.659826,2.142847
0.779762,-3.158145
-1.824861,1.324188
3.212649,0.734908
2.566388,13.096455
-5.569097,2.540056
-5.093718,-1.023151
-1.171546,4.077449
12.193014,-1.549199
1.926249,2.156708
0.747220,-4.518884
-6.264365,6.654809
-14.682951,7.972944
3.734519,-0.433872
13.125644,-11.696618
-6.494897,6.208093
-1.687888,10.507263
-12.602710,-6.126202
3.279571,-7.498688
-0.752086,-3.306440
-2.986782,6.704184
5.852422,-7.985233
9.163904,-11.296836
5.669107,0.135249
1.046110,0.956515
-8.552202,5.739860
-9.310911,17.225068
-13.803874,-9.507660
-12.168505,-8.111192
6.268352,-3.583384
-3.385356,-10.604781
1.264463,3.341149
4.903564,-1.914576
-1.778777,7.675779
6.615182,-1.180345
-4.089373,-4.431912
0.972582,9.428099
-6.957649,-3.017791
4.209165,2.456241
4.027193,8.336770
2.147014,5.223831
2.791338,-3.790351
3.786977,-1.968489
-6.698623,-10.805641
7.646134,-5.550334
0.973072,-12.863973
-6.272600,-2.029191
-9.005608,4.845233
1.088334,-0.095193
0.817006,-0.609520
8.230736,-1.624923
-2.254211,9.980175
-8.825557,-0.117990
-1.057438,0.663049
1.392044,3.279510
3.117619,-6.641141
-17.649100,-0.969064
-0.403297,-13.066291
-2.036898,3.175263
20.031947,-12.078009
4.902530,-10.802617
5.810739,8.251593
3.326217,-5.749285
-0.351858,0.622285
-6.778256,2.182412
-3.533662,4.814932
9.458114,-10.223300
11.719702,-1.462213
-14.135272,-0.412159
-1.405997,7.306495
12.848197,-11.674636
2.047307,-10.449965
-10.971071,-0.419746
10.790402,-1.198351
-2.739055,15.110618
4.839556,1.445870
-4.906727,4.505131
-6.427516,-2.264697
3.382789,-5.320918
5.711598,-2.110824
6.386990,-3.217471
4.849079,-1.836491
1.388512,-5.433652
16.306319,4.045928
3.250531,-12.100985
-0.220849,-10.332555
-0.663110,6.272395
-2.291762,-4.628451
9.751738,5.099883
-4.944887,4.400107
9.528209,-2.418601
-0.015373,10.582758
-11.846711,-6.245816
-6.112370,4.508085
-8.340436,5.294128
8.579745,-2.081088
3.333604,-1.759920
-8.065801,0.533267
-5.496759,0.327830
4.657792,5.364702
2.431114,-6.180144
-8.362247,-10.182005
-19.738756,-9.953205
4.351935,18.233271
0.958535,-15.137490
-4.267637,-2.414935
2.262086,-8.138403
-5.175695,0.098084
-2.791690,0.440256
-3.667688,4.692598
-1.650920,-5.764965
6.755572,-4.859743
3.094333,6.832070
6.158173,1.862410
5.211613,-1.206883
1.787185,-14.715364
-10.449669,11.948350
6.108861,-1.373600
-13.655839,4.943291
1.184358,-7.627401
-14.830887,1.305952
-8.886993,-5.251863
-4.799654,-9.898620
-5.872102,10.790763
-11.584987,-3.695102
-2.296250,1.718156
6.163918,0.044014
5.137457,10.774251
-0.843221,1.482550
3.571853,-5.994445
-6.696467,11.960333
-2.056878,11.088478
-2.742913,4.940220
-11.089359,-20.801600
-2.652003,1.422802
0.515348,-17.275273
0.227936,6.191078
13.861909,-1.746011
1.948992,1.951611
-2.953518,8.593450
-13.611905,12.992617
4.281433,4.127505
0.799873,7.338818
5.137339,10.145783
1.757164,-13.130175
2.066375,5.601418
11.743162,-8.599532
-0.878928,-10.684894
5.522719,-8.619440
3.800574,-4.393442
-2.900867,-19.065719
-3.377820,-8.950259
-0.288251,-9.494429
-6.434285,-12.789697
-1.896584,-8.944817
-6.221828,-8.913905
-13.245458,-4.680717
-1.018332,-0.290089
4.943924,0.191045
-1.574531,-10.931100
2.428620,4.037500
0.690523,-9.543969
-1.954180,9.472146
-5.292696,5.070593
-4.498551,-4.992960
2.800022,1.646877
8.239348,-0.253325
4.913031,-9.680581
-8.914041,-3.432029
0.188018,7.115408
5.576807,12.838263
-8.092502,-9.761734
6.613367,-2.443037
-3.146446,1.019883
-1.907590,8.671413
-8.492058,0.548471
-2.408780,-2.435874
5.033013,4.571506
0.076748,5.523910
-6.429159,-3.302948
1.730024,-8.278130
-7.102838,15.700365
-0.033683,10.248062
-2.432400,-1.563334
-4.838266,4.129733
-5.151258,15.495893
2.674731,6.234105
-4.279113,-9.619940
-12.320323,10.263902
-8.978812,9.820772
-6.240363,1.687240
3.129989,-10.847011
0.396364,0.146420
-10.360166,-1.489228
-6.628100,-2.421325
4.822797,0.678964
-0.577819,8.639828
9.266392,2.025186
-10.157144,3.132413
-2.636507,8.384410
-8.358663,-11.277923
-1.942455,1.033782
-9.340793,-0.354119
-3.174174,16.232691
1.063274,5.618584
-4.817238,5.238222
9.701573,-5.102574
0.149546,-11.674638
-12.790556,0.396258
-12.126590,12.570401
-1.325772,1.987472
2.757913,4.025765
-3.429503,2.671354
4.106164,-3.657223
-4.689198,0.762333
-3.234763,-8.193968
0.823521,-6.958988
-8.886029,-12.269704
-7.530233,-6.126632
-9.398135,-9.766404
-10.438368,-0.549166
1.092843,-4.345195
-5.381735,-8.704677
-3.072117,-4.208106
0.980255,-5.258414
4.539070,2.467881
-6.829530,-3.067108
-11.379958,-1.883260
-7.178785,5.393376
3.347805,7.350966
10.249159,6.053071
-4.292788,-0.380997
4.944583,-3.181319
-3.503277,6.875608
10.080551,-3.732480
-1.454727,-1.946928
10.549402,1.753091
9.805547,-3.588425
5.240334,-0.713094
8.533779,-8.970563
2.832344,-3.518629
4.817448,-1.407051
-13.759675,8.138382
8.351727,9.029396
2.394545,4.166742
4.057796,-19.260698
-15.548416,10.774731
-11.368745,12.116599
2.304363,1.345119
-0.605270,8.681616
13.110956,-5.993171
-3.173904,-5.597379
-3.022047,8.757061
11.646331,0.799746
1.256875,-13.790445
-3.376558,7.737051
7.206501,-5.929015
-5.770036,-8.288803
-3.186545,4.882570
10.291420,-3.672281
-5.234784,14.126494
-4.246335,-8.025331
-10.630824,12.501754
18.275089,-3.704942
-5.440878,-1.925712
-4.983525,-1.532642
-9.386808,7.414995
7.168845,0.422502
-4.045215,7.898311
2.215309,-13.810385
-11.813439,-2.502546
-0.078450,10.191147
-0.174905,1.063773
-5.820328,3.179760
-0.504076,-3.910149
1.224281,-2.187496
-6.000410,4.127059
-13.272463,-5.014617
-8.915943,-3.058991
0.938811,-5.979908
6.598518,4.466360
-3.618495,15.790893
0.047219,5.909547
-3.406811,4.286164
2.284248,-2.746896
-6.178445,-2.893473
1.515502,2.100580
0.006847,4.084879
-6.691346,-10.370358
4.312567,-6.494428
-9.186425,4.425658
5.027823,6.502808
0.215534,8.903051
-0.826928,-1.518477
3.753284,-1.961076
-6.409160,-20.969592
9.252704,-2.809813
-1.589924,-10.119823
0.039005,-9.298125
-5.279332,5.807125
-0.908364,5.034124
-10.363334,-5.188333
-3.516472,-2.009278
-1.829836,-5.315001
-6.958606,4.602920
-2.060097,-3.330621
1.904493,-8.351122
-5.423527,-10.074635
-2.400653,6.986579
13.946276,0.230588
6.584048,6.990578
-3.504901,0.438937
-3.551430,-1.416224
-3.138628,-19.110357
-9.728977,0.525507
8.438377,-1.203478
0.248341,-6.055963
-0.416754,-2.168032
18.478231,-10.001986
0.277329,11.418618
-8.134056,9.356717
17.501318,12.417014
-5.249741,-3.494481
-1.717183,15.226647
0.369371,-16.301451
-6.870197,8.916465
1.663753,-7.909847
-0.246838,3.598521
-3.961951,-3.580736
6.006613,-8.190280
7.254824,3.948611
-4.533692,-10.643855
2.217548,-10.746691
6.020947,4.176148
7.446419,-5.909485
5.950285,-8.578137
-2.836912,1.245797
-3.251575,-3.731769
1.103268,-12.290352
0.446710,-13.557916
1.041675,10.509177
-1.907785,-0.330281
16.620571,7.506751
-11.513674,-1.927608
-1.366680,-5.776570
3.818409,-2.309189
-0.050671,3.351422
-10.188419,5.082562
-14.494475,-2.511747
-7.389992,0.565500
-2.516241,0.501908
-6.891733,3.067962
-1.556152,-4.923080
-2.815351,-15.174304
1.548104,-3.115746
-0.472015,7.195049
-7.812016,14.827438
-1.369264,-11.086380
15.262104,-2.163301
5.236379,-1.524777
10.594134,11.422578
7.174979,0.351491
-5.962273,2.127986
0.030066,-4.647771
-9.896454,11.113685
-2.026987,10.624206
-6.876083,-3.018426
2.481863,7.477497
5.514544,3.772864
6.187636,0.946138
1.218311,-3.383525
7.419640,-1.139021
-16.778162,1.681136
-3.238259,-4.634258
-0.824157,-3.613932
-2.541630,-1.331724
0.946600,-7.679587
-0.930044,8.524897
-1.951777,-5.797520
3.356473,-2.987158
-3.168980,1.958171
5.090711,-5.630296
-0.910991,-3.814850
-3.304090,-8.064528
-3.765079,2.477492
3.231480,3.959477
-0.099038,-6.639899
2.058332,7.330804
-7.670405,9.606895
-8.405957,2.348457
-3.855326,-0.840009
-0.570700,2.068145
2.904286,11.605257
15.593916,3.654939
8.119067,-3.972970
-8.780894,-7.719146
10.815945,-0.669842
-7.924961,-2.510774
-7.736850,-7.542635
-2.657644,1.399814
-3.977158,1.102625
6.069557,-5.936810
-6.372983,-9.199784
-7.364937,1.374989
-1.358743,12.123796
2.272538,-0.510738
0.550805,15.723416
-9.192139,9.249013
-2.568977,-9.588786
-6.779865,-14.097979
12.699893,-8.151030
-3.390782,-8.560106
-11.687787,-5.554815
-4.876885,5.120889
-8.072215,-11.675215
9.980692,-9.590300
1.701976,2.793644
-2.027877,2.445606
-14.306315,-7.238764
9.767800,1.326034
-2.280154,4.454265
9.468749,-2.244300
8.512723,5.017258
-10.201503,-2.052840
7.827670,3.318954
7.479540,-6.684316
-7.897398,-3.637391
0.657430,15.050504
5.786176,-5.515225
-11.673435,-1.694553
0.519270,4.134139
-10.494658,-4.016294
-2.613883,-8.008581
5.859156,-6.761417
8.144737,4.736513
-6.946086,-17.343960
5.122597,-2.126527
7.392091,-9.660917
-6.661268,3.117928
-8.928443,6.565607
4.204379,9.025388
0.025807,-4.049763
-2.232116,3.927005
-0.205759,0.347708
-0.180919,10.601260
8.128144,3.558003
16.336194,3.069057
2.020177,-5.682617
5.368957,1.813698
4.202606,3.503284
2.973194,2.850006
-0.800394,-5.584422
-1.821896,-11.398831
-5.513798,4.162309
0.566428,-10.766723
5.397859,4.425510
-10.857521,0.350565
2.519617,-3.962838
-6.107309,-6.063325
10.721899,-12.095517
3.512832,-13.726101
2.894789,-8.167464
1.726273,-4.634471
-5.241040,-0.030145
-4.538491,-3.478825
-2.969338,18.205680
-6.242463,10.312047
-7.618929,-3.888896
-0.654040,-0.885691
-7.317879,3.971767
4.211344,-5.396267
2.068899,2.719356
-7.218675,3.790447
-1.342809,-6.349067
4.741401,-5.062562
-2.845074,-8.880616
8.196585,6.143075
-5.318444,-4.749667
7.080555,-1.275089
5.316889,-8.596981
-5.017601,-9.430540
-1.170390,-2.469118
4.268423,2.176018
8.601420,2.677591
-10.339806,3.002793
1.234894,-0.461387
-9.114422,11.689737
8.527908,10.844312
-5.672619,-6.545338
-2.693969,8.143061
-4.002958,-3.759158
7.389318,7.403345
7.217918,-1.430251
0.069575,-1.927865
-12.264845,3.796346
-7.049334,-3.543540
-5.587472,-4.510136
-14.859226,-3.849570
5.411836,-1.181346
12.176731,-0.025007
-14.950174,-9.545870
-2.564326,9.170007
-4.559090,-7.113623
-4.650274,-1.152139
-14.648851,-4.836236
2.620858,2.888925
0.597202,3.155087
-16.483171,-11.424816
-6.398962,-3.275517
3.537605,-4.781505
-16.888653,-7.999266
4.909947,14.843006
-6.140408,5.267485
-12.300375,-2.783932
11.879817,0.814392
-4.945540,-4.415705
11.576850,6.330676
2.829915,-15.851301
4.066443,4.880912
7.902151,1.743360
-18.679263,-14.090710
-2.385637,12.461745
-2.557210,0.818559
5.971405,7.476306
-9.837410,-4.833723
-3.676493,0.618217
-10.276560,-7.231849
-1.313170,2.445482
9.047277,2.372065
-9.268406,1.288416
-1.240386,1.564425
-2.283599,1.732099
-12.204482,0.996021
5.230568,-4.316268
6.781960,3.517324
-0.332822,11.265945
7.803165,-7.455792
-4.413816,8.112940
9.895428,6.201106
-5.932747,-1.985470
-10.054959,4.359028
-8.115275,2.117123
-5.641773,6.404087
-9.719592,-5.199371
5.041869,3.071544
-5.181090,1.822905
7.040772,-10.227757
-6.136781,4.184229
-14.404999,-1.399505
4.796085,-1.946289
5.688071,-8.755512
-8.885548,-11.862072
1.229072,4.617439
-8.105697,1.787688
-0.260336,7.195819
13.865404,-2.164968
-5.278448,-2.100050
-3.426028,-4.335854
-5.431830,6.104653
-13.736581,-2.580661
0.574205,10.054024
1.363575,0.995193
-13.768613,-4.731014
-0.509815,-4.989584
-3.556412,1.659254
6.102664,-3.104466
17.072915,-3.792569
-3.787498,6.771822
-2.753974,4.727291
5.147912,-6.081851
3.055929,8.401028
3.863963,16.797038
-1.241414,2.986075
1.721209,-12.618139
-3.472932,1.091981
4.881988,-3.035398
2.127058,4.448594
-2.672604,-4.102096
-1.130517,-2.835856
-11.256890,9.083941
-3.680943,3.016573
-6.491321,-14.356489
-14.263518,-1.417710
-8.145602,1.951211
-3.054700,-1.855621
-14.064140,-9.113580
4.549561,3.879840
-2.829473,2.822476
-4.317470,-1.956352
9.598940,-3.691456
-5.258765,-4.041307
-10.070312,5.827943
-9.314165,7.153510
-12.259656,5.406932
-9.768541,-7.444148
-0.149951,13.488213
5.301373,11.089569
-11.039618,14.665822
-2.548524,-1.873125
-15.855326,9.959162
0.817770,-2.247488
-2.540556,-12.772631
-9.437328,4.886840
-12.878462,1.537161
-8.239885,-1.839484
-5.241678,-5.047800
8.559088,2.514853
-1.304561,5.912615
0.996169,3.022908
1.993598,-9.839355
-0.404430,2.549922
-4.828008,1.961091
-1.530987,1.609068
-10.961758,11.210530
-12.781261,7.455411
-3.331005,-8.191141
0.090443,-1.657700
-1.763904,-5.139600
-6.692772,8.231849
-15.459751,-10.415794
-60, -60
-60, 60
60, -60
60, 60
